HAL7,HAL8,HAL9,HAL10,HAL11,HAL12,HAL13,HAL14,HAL15,HAL16,HAL17,HAL18,HAL19,HAL20,HAL21,HAL22,HAL23,HAL24,HAL25,HAL26,HAL27,HAL28,HAL29,HAL30,HAL31,HAL32,HAL33,HAL34,HAL35,HAL36,HAL37,HAL38,HAL39,HAL40,HAL41,HAL42,HAL43,HAL44,HAL45,HAL46
0.27408238513431,0.262268826035002,0.24941085403583,0.232282387732352,0.247322747251237,0.278357729284914,0.248058107817191,0.247825217668333,0.246689654869883,0.24819411726443,0.249104826683821,0.235699772978037,0.235708686299592,0.247515146987305,0.230736607893551,0.248828026205428,0.243323289502338,0.243780556424167,0.26997107910167,0.256504495072467,0.256477355286054,0.250565304284267,0.25428577568088,0.253534670600274,0.254983675851306,0.254169823374935,0.260822768346615,0.250100040524042,0.260494165959321,0.25729167557957,0.260606144997944,0.257153729463704,0.261819139576694,0.261611518973335,0.259029179536716,0.261486368755937,0.264513280434375,0.263005977214885,0.265167563445149,0.263002415559915
0.271232828372108,0.264593743058335,0.251868223663333,0.241038913070854,0.250117709240609,0.279888606918463,0.25041397783099,0.246354475498744,0.249238246578361,0.250080690942576,0.250943175030424,0.245833979079779,0.244276818100935,0.249098355318543,0.23669743672435,0.250694897076088,0.241822646709625,0.248916702947852,0.281266035123349,0.258270420594325,0.259573529145088,0.252815006778515,0.261606781399758,0.256549495778581,0.257428005219509,0.256875633442135,0.255503402871854,0.251092553807902,0.26256653369457,0.25997667800316,0.262966723974418,0.260556336970331,0.264527831096719,0.263657697028052,0.261181350492214,0.262780982042452,0.259536914672558,0.262483984435014,0.263469436997699,0.264886330861236
0.267414992591416,0.265867602364814,0.253126560400225,0.254885751391064,0.252479299768321,0.280862178109332,0.252097255161518,0.244301334594452,0.250617147358608,0.252137282650968,0.252481570004878,0.26046977291454,0.257278633485717,0.251670068558387,0.247593382002901,0.254160987987695,0.24336221252888,0.256223388047684,0.28724261168393,0.258782258535511,0.260941779400112,0.253862335754975,0.268185732352639,0.2584992566671,0.258601244786028,0.255336821993122,0.249363387399519,0.251200105006325,0.263896735004686,0.261285997593805,0.264639866523539,0.262336587085601,0.2659908928679,0.264899296338614,0.262096643312814,0.262968870849402,0.254729228861445,0.26070560700403,0.260455009558617,0.264958947254408
0.262875320444719,0.26599492345654,0.253557182448587,0.26558932942144,0.254429691276993,0.280152975659566,0.253463310280202,0.237145833934478,0.252064271104622,0.253338481136321,0.253551590967857,0.270599110394191,0.267432952587723,0.25406975023822,0.257769637666584,0.257796095327499,0.245210878569795,0.261418500343288,0.288400000011004,0.258911974533355,0.261631150300182,0.253905191773063,0.272843548117386,0.259491557141374,0.259937006664806,0.25633385134593,0.247574509164538,0.253121596071877,0.26458435992704,0.261700925859953,0.265768291518229,0.263342471374999,0.266934422515775,0.265653326917591,0.262168352128321,0.262511346608358,0.252219159212821,0.258358975493269,0.257982761661591,0.263796913267133
0.258052145136676,0.265590281746293,0.253571298427174,0.270902343636086,0.254834378394746,0.276915874034804,0.25427871121075,0.235658976359726,0.252472060769906,0.252609540619018,0.254807513087726,0.274800449171296,0.272491958826155,0.255381882039678,0.264550154596435,0.262529274095509,0.248611277894472,0.263067005804069,0.289834255983008,0.259774034853206,0.262416929448635,0.253810639026397,0.277160805803528,0.260052040757424,0.2609383995649,0.258242184164891,0.248744499068495,0.255038308652927,0.265432187781937,0.261778655207216,0.267290889479302,0.264247724928183,0.268061021145895,0.266418269738858,0.261675107853183,0.262186545260012,0.252551298589731,0.256645828248703,0.256707660171837,0.264010500429332
0.252361835793417,0.266555278015848,0.253594625297568,0.278531564542543,0.253940734953781,0.271611482195747,0.254262895324879,0.237017852600202,0.251791261591369,0.251603866584764,0.255724166101651,0.28198705429866,0.278265779926269,0.257663326057223,0.269601649396891,0.268714460715653,0.249467873783327,0.263111226266637,0.290389779987887,0.261080805428974,0.264262553688554,0.255201116398554,0.28166977421917,0.260217532269008,0.261911502128535,0.257692878872578,0.25098364960054,0.257854956153745,0.267416746058927,0.262915648839583,0.269545706648236,0.266301246049462,0.270033549640671,0.26792999351533,0.261573887406196,0.262815125902546,0.256104463250582,0.257136044189637,0.257933312773094,0.266792670636585
0.246185451967862,0.269484508188483,0.253699305760912,0.294899040158587,0.253168335505054,0.266611832975681,0.253630001117452,0.24676898519035,0.249190728468149,0.250058848084103,0.255374477123514,0.299232643162286,0.291248724012636,0.26204570111696,0.277860942333177,0.275300108344148,0.249627990984249,0.26565841109051,0.292362453109778,0.263078814497275,0.267344040014851,0.258715156520621,0.287711496389306,0.26090319486945,0.26378674555117,0.25925821482166,0.256304727138788,0.259667165668322,0.270658496450311,0.264803186519969,0.272575146895958,0.269246265862907,0.273194476510969,0.270178825430283,0.261692540070443,0.265084126151798,0.262957898276533,0.260628887281621,0.262392193311043,0.272050104103065
0.240015613239866,0.274120303452788,0.252521213098819,0.315766138739001,0.252874525757557,0.260365890676322,0.251711378180896,0.262487207031522,0.246316585255506,0.248382484160946,0.253671096313504,0.321562817677203,0.310265632452229,0.268405755366152,0.291606047083142,0.282898715493094,0.249142537192792,0.262364904944005,0.297891667933984,0.265646780095519,0.271592084928548,0.263728737143873,0.297857538922945,0.262802810632726,0.266090693708776,0.261494503375304,0.263655448830731,0.260053851200255,0.275571844958964,0.2674537118854,0.276188999512535,0.273797866022128,0.277065227950824,0.273928132441531,0.262153592114242,0.2685772232222,0.270814601702155,0.266484646021221,0.268622542038338,0.278944159326078
0.233713962487823,0.279750442763382,0.251764004853223,0.336200913726715,0.254830794338599,0.252276125343665,0.249441112782058,0.276663537523538,0.244098916495612,0.24782756838388,0.251277827605382,0.340351859200826,0.329126641471742,0.277172441542205,0.309000458489094,0.293318441168775,0.247128415595312,0.258389971623494,0.309573242076345,0.268730860308201,0.277093783941625,0.271233087819698,0.310785875615891,0.265733465067686,0.269070225308187,0.268164847519169,0.271687826486553,0.259572888970343,0.282282209236215,0.271358487851522,0.280093104960803,0.280794032436411,0.28209970854164,0.278477601006789,0.263697906583591,0.272963118777116,0.276694482699901,0.273651232080285,0.274943368514296,0.286331418773335
0.227361638114477,0.285766602505106,0.252478514028565,0.359229508485831,0.258388082327323,0.245069475417541,0.247693237574241,0.295218545677312,0.24463034528268,0.249160116643704,0.249312108012867,0.361667046962181,0.347785296463114,0.2892891286492,0.326833014234741,0.309921979010496,0.245624521882052,0.258433717495937,0.320317174893916,0.272544626101917,0.283693018663681,0.282266213676241,0.326076887977756,0.269526941887165,0.272655056023864,0.27560058334621,0.278387049600366,0.260156131769624,0.289635209808137,0.276494420065785,0.284360173354515,0.289724737428844,0.288112530303154,0.283435183067228,0.266329372565449,0.2781699989077,0.279214569583008,0.281120925056127,0.280435135999883,0.293274402856416
0.221712807626902,0.291950343410689,0.255606156355839,0.386528448356359,0.263728883211939,0.23870924221095,0.247515229212597,0.31180961175322,0.249912332521257,0.251431242864537,0.249775154369247,0.388425473345509,0.369309831301031,0.304525626497069,0.347282504172356,0.330132765818461,0.246908285657348,0.257037641413782,0.331028310577963,0.277693091024621,0.291180838431015,0.296860562931377,0.340623968941746,0.27376368400509,0.276758444980697,0.279676405516215,0.284266347046555,0.263726496102224,0.296955525473871,0.281910503183457,0.28952092755614,0.299035910728322,0.294662721852624,0.288485005900352,0.270126257541713,0.283867498490086,0.279256272499004,0.287896236919229,0.285517271034505,0.300181821009362
0.215944994193181,0.29831402966584,0.261550751273141,0.415932482136373,0.270879298432192,0.231866437169267,0.249868582464357,0.322927294353467,0.259766389935357,0.255415155227706,0.253355211011474,0.418350052728178,0.391410414248015,0.322766478282374,0.372214693494824,0.350633322696822,0.249464841426075,0.264083152829745,0.338242312298549,0.284165593745182,0.300141525713415,0.313952527092912,0.353218702915327,0.277164235079164,0.281271869153511,0.284796519895206,0.288712019663438,0.27007566882534,0.303607128762861,0.286775630360931,0.295098194986034,0.309859428227585,0.301413869396039,0.293288324755826,0.275022556857029,0.289604378144256,0.279580844031688,0.294527350776847,0.291460415994065,0.308522655950676
0.211626388379294,0.30484917178025,0.270474806249639,0.448949217812442,0.282429525113689,0.22582704344808,0.255090523060807,0.339242189336738,0.273033479991085,0.261700243611693,0.259774005272291,0.451859413076352,0.41602245026101,0.343720334443792,0.400047835021155,0.369109919072242,0.253092748771295,0.274618504253774,0.340054705952302,0.291056336409187,0.31017810727874,0.332070276784248,0.367599358090027,0.280875854445719,0.286070941391214,0.28796356886412,0.290842772499047,0.278966509217232,0.31039999251483,0.291491087846042,0.300767039747318,0.322567240341668,0.307768503424937,0.298155214505148,0.280207334665042,0.295899353486316,0.28174018546631,0.302898083635683,0.300025601448912,0.320166992771369
0.209306780110629,0.312376679738934,0.281845972898671,0.479965885061143,0.296931023221629,0.222124717362436,0.262726233941286,0.361661832159007,0.28891752897289,0.271850214193002,0.26790285591769,0.480034074733864,0.447324881661842,0.365410189334446,0.429807927063748,0.388298394644246,0.260025884855166,0.292255796839443,0.340221755306055,0.298794239407151,0.321913325947535,0.35060009357799,0.386705594593804,0.284621150642383,0.290817986360935,0.288739305890319,0.294511977514483,0.289731293242232,0.317564646024929,0.296022178356611,0.305536986824484,0.337351761059339,0.31492379428225,0.303588663141685,0.285769750896288,0.303193159606132,0.286561832891265,0.313659769366758,0.311416994212908,0.337343542151796
0.208878011144856,0.321620674548134,0.296575911214844,0.496905745443007,0.312171260584166,0.218192883506492,0.272607540499033,0.386684987798759,0.307974362719038,0.28597068557402,0.278066301719703,0.495207918002962,0.477147356457712,0.38646259133138,0.459188662849417,0.413374413903835,0.27001913699783,0.29683500319969,0.341316413282491,0.306655085228256,0.335956594930156,0.369521539659595,0.413588012547512,0.289197895839266,0.295176125285104,0.29207888541995,0.305432150557536,0.302675312246997,0.325829395900979,0.299864714782978,0.310147119453311,0.354245508739315,0.324548134755102,0.309953006581994,0.291046411816545,0.311848502154621,0.293508606725453,0.327167509863293,0.325790604857264,0.361193526418733
0.209383136414041,0.33433595747312,0.314203329473787,0.511996247740162,0.3302313815346,0.215272319117171,0.28434643763265,0.413995239790846,0.329418539900443,0.303438805921657,0.291144000365325,0.507688661725879,0.496568420043042,0.4072249826075,0.483635621715975,0.446940775387542,0.283591568213475,0.304374354109804,0.352866922889959,0.31549723529243,0.353125628687624,0.389940482087289,0.449802957734379,0.294602109595541,0.29935881204839,0.30396899108906,0.326848227826818,0.319399594657991,0.337132792465167,0.303118517486465,0.315127888832741,0.375457516008295,0.337323733624474,0.317730678148199,0.29605223463816,0.322178005715509,0.301115860252559,0.344097791279144,0.342793321814794,0.392523991600597
0.21193289736968,0.352144159700954,0.333207397179075,0.530781776828477,0.35020006058271,0.21394247213703,0.298331848239975,0.43540208360968,0.352864446802452,0.323269544694179,0.306348112990088,0.525666742630544,0.50968076794318,0.428476669768864,0.499426691547993,0.483313565262066,0.300320616407825,0.321332765219096,0.381219183574827,0.326008754589781,0.373810308431441,0.413420519306277,0.494591711763906,0.301123300349973,0.304529246782174,0.320607255777807,0.359808547189052,0.337230324422621,0.352335864337801,0.30694986083192,0.321690159425502,0.400710985242909,0.35364646480862,0.327598472577803,0.30112095308254,0.335032460812584,0.309974620716073,0.364886890554106,0.363646559594521,0.431091724037008
0.215910123538504,0.375468161052015,0.353731019281256,0.557304981055618,0.37043562968256,0.212986668718236,0.314935325579318,0.462232039642628,0.37984193049635,0.344248379512091,0.322826036342866,0.551709368890357,0.52604571345165,0.450984447701502,0.514770273279286,0.522438407005026,0.317212633313294,0.343187782684465,0.419396180408453,0.339011062511059,0.397398351880449,0.439903041816448,0.54356393652513,0.308724065545117,0.310498022906743,0.34463379526032,0.398460389234212,0.355568644174673,0.371355346512649,0.311394620626294,0.330346035116368,0.428632711337697,0.374388428893108,0.339516708245999,0.307038185577318,0.350617002106394,0.323725373099521,0.390438038361951,0.389526391025364,0.475353064488746
0.220471933253703,0.402816279606255,0.376918354199807,0.588157754961972,0.39218032113549,0.21378171251209,0.332974603906789,0.501149643205458,0.409299930893641,0.367806192781699,0.341999452575023,0.582571376987183,0.548887065459973,0.474928329565269,0.53463463841669,0.565261721750587,0.331886936925139,0.359877560494021,0.463692805370775,0.355849151264219,0.423094120236347,0.46749007680595,0.589551040133587,0.318271499519828,0.318083489905655,0.369120918093803,0.441706078032878,0.375812954717124,0.394024607304084,0.317821564389708,0.34128973171937,0.458764471834571,0.400458293496498,0.354315609047656,0.314815363885581,0.369166913980469,0.346266258123617,0.422393182130402,0.42176597303299,0.522988939689194
0.225691681224704,0.434335639940367,0.402294748213065,0.609648278359033,0.416410435037808,0.216006809489596,0.351444126008853,0.532711706428578,0.438917427273044,0.391455062244472,0.362902109638928,0.604390133934513,0.577400630571947,0.498516354141957,0.558728425775664,0.606465627219683,0.349739302299833,0.380871456285416,0.51414866627967,0.376776997661403,0.451211209033462,0.494066681327332,0.624484885123692,0.328289802584759,0.327963346696199,0.397251626223534,0.488483442629633,0.398370534989871,0.423416011155552,0.326090316077869,0.354041185912032,0.49146613517356,0.431594814825591,0.372145945205672,0.324279708380486,0.391505523499156,0.376705467296265,0.461328717412736,0.460127813913237,0.573021703882367
0.231380660837732,0.469602270083681,0.427986867763784,0.612831979990666,0.440141355225844,0.219184541208502,0.370922189402075,0.550924290982343,0.467325116641761,0.415169982099173,0.385751226967515,0.611101702338258,0.602439874084515,0.520336671058144,0.58411620940826,0.642422473471255,0.370587920863714,0.414723318758827,0.560486373330911,0.401415853069448,0.481592829071668,0.519737256116928,0.645972392270536,0.338730413863624,0.340018242977806,0.438380250559611,0.535735327932208,0.424313587181649,0.45918676392586,0.336727230886032,0.368419540043491,0.523912300637861,0.467383149012743,0.393808248149636,0.335578618213894,0.418126832961664,0.411837956771488,0.505281384838546,0.503371480962807,0.620509773372982
0.238547974995812,0.508067812500904,0.455454806675888,0.606302202584421,0.462688127354593,0.222273786025307,0.391808417566502,0.54761744718251,0.49384853644569,0.439002088860095,0.409412454942453,0.610485290645087,0.614523099650954,0.539568340192844,0.604415519841683,0.670347964073585,0.392994991846494,0.445076047495921,0.59057338827351,0.431610302482839,0.514099552201211,0.54278644180258,0.65333332434381,0.350516457726315,0.355346337046213,0.489076630868185,0.5777738736172,0.454851152812421,0.498616251822152,0.351345645609204,0.386788434732151,0.554272380525989,0.506563497257682,0.420672762511304,0.350144193264419,0.449256363779579,0.450023369671581,0.550532026947832,0.548313662477615,0.661777531573514
0.247528998225065,0.548727381814139,0.487038426697494,0.593485355914405,0.485410284177882,0.226828090729212,0.41369002218472,0.546229040298305,0.519438167871813,0.464307122172203,0.43278114954554,0.599727959078999,0.617439465811391,0.555407742451617,0.61664182814853,0.685918178469553,0.418658270072144,0.473880680634264,0.604683586342995,0.467099180772199,0.545983909520294,0.563177160142382,0.649287727297963,0.364819286938205,0.373428215256194,0.539509980856764,0.614505767790133,0.486404414194872,0.54123483044208,0.371936107533883,0.411280516671674,0.581929251922359,0.547355759186801,0.451504117124154,0.369054430422756,0.484683901115823,0.489543676295585,0.59521538081197,0.591379919877051,0.693434369549162
0.257520536424379,0.588445461166678,0.517972279480965,0.567517626513344,0.505638419097067,0.235347327355525,0.436341144772766,0.553198516187712,0.542037969906235,0.489387151049505,0.456262471154771,0.57624677797518,0.612806516130121,0.566204504341277,0.618819816331002,0.689984571170428,0.447293461047662,0.507362151950825,0.609746208943104,0.504666189768817,0.575524064574084,0.579829641166714,0.638493641120592,0.382150723548546,0.397021058995254,0.593699361394249,0.64483836847556,0.51924474220983,0.585947005625838,0.400343339732201,0.441347578771835,0.602886262950928,0.58752286522644,0.484187496747144,0.392493181861961,0.522782375651739,0.528008230883798,0.636757428353628,0.630342454156733,0.713858742208735
0.269848780693938,0.625721362589918,0.544394125490246,0.544166956182928,0.524839067799288,0.246987441595028,0.459014271742456,0.546758180228864,0.561516248671617,0.513440431982603,0.478124758708947,0.548861662833417,0.597971412190978,0.57304460570193,0.613505236529,0.686531153759069,0.47349077242797,0.526099448973402,0.602644335071862,0.543547583198131,0.601941801042393,0.592589862532936,0.623542013932858,0.404382499165922,0.428345941105198,0.643767334471066,0.667312072840674,0.552489841192235,0.629102848600586,0.436299667217534,0.476319444113439,0.615328193566886,0.62413429342717,0.518853738693435,0.420904082444974,0.56033479452259,0.561213226707843,0.671956327477986,0.662627175152346,0.7229195050558
0.284988415537452,0.658856430402525,0.566396604695062,0.533007067868994,0.542488878804556,0.260391574761965,0.479314450436156,0.540351928726636,0.577017000819275,0.535464901157775,0.499301373751365,0.532517444319476,0.575477451803731,0.577495046706623,0.6008960942589,0.678953869303262,0.49019368200614,0.542954769617376,0.589415611057042,0.584304699133373,0.62539673148293,0.602180221176154,0.608487193314698,0.433893776009702,0.464932009690891,0.674658247816406,0.685725962238773,0.582023402046751,0.665395056320009,0.478884385328762,0.514089929344526,0.621804784285446,0.656097037757611,0.554441769877472,0.454900227893745,0.595854810537404,0.587231025310398,0.69890659707833,0.686464132283704,0.721404280902528
0.300389822363791,0.685188498758163,0.584549164149666,0.532948924130766,0.554758086679228,0.276126322132177,0.498522674399102,0.532024181818228,0.585741507372297,0.554831372517728,0.520562170934576,0.530269503953038,0.551522057096913,0.579576821300308,0.582093698862118,0.669855398446395,0.504364451824614,0.559499123872506,0.57476533117378,0.625205791680988,0.643995796103559,0.608525154138871,0.595964659580214,0.47020714520975,0.506825391941662,0.700192277270569,0.703556524243237,0.603636532683865,0.692961385973193,0.527549669312086,0.553326593864562,0.622231863460275,0.681908205028289,0.589108432424003,0.493539400142536,0.629242358962138,0.607137731686906,0.717096970773391,0.7025417235726,0.712187292491481
0.316674758264713,0.703325171279314,0.598189664220419,0.543216879490786,0.562858484780465,0.291596489064791,0.517592725771139,0.534948573732208,0.58730031280366,0.568388320575427,0.539867674842584,0.537409259812311,0.537378060630483,0.580339544585038,0.562951667162926,0.659553362332098,0.518508660388101,0.56794489357844,0.562736671530241,0.661425752566475,0.656301161414626,0.611556939468339,0.587694974026381,0.510119612201593,0.553892364905319,0.71765521137152,0.716502887358461,0.619204665621886,0.709782166220472,0.577084069582059,0.592199365584993,0.616670792838397,0.700635405683667,0.620596750789954,0.535638220029637,0.658379620345878,0.620367034405521,0.727369152720595,0.712662805093242,0.698217052630583
0.334102240844031,0.713507998262836,0.604356783852192,0.562392770029438,0.563851922952346,0.306314601660909,0.537088579290804,0.53457103048857,0.584609630923579,0.577111502272635,0.556865176718145,0.553315164043863,0.533672563179752,0.580223337976032,0.548257141764582,0.650185275350304,0.531029926719932,0.553435291637978,0.549731160913187,0.691197833220299,0.662890894942029,0.612184422870935,0.582767024312962,0.550701423514142,0.600473513886687,0.72622417395229,0.724791074533769,0.625565697162734,0.715697795090711,0.624201948248237,0.628619330175262,0.608630787372577,0.71248814763692,0.647417961744701,0.57946987897448,0.682070405309692,0.627812522687023,0.731508098179122,0.718213904072147,0.681037143662545
0.35098034528622,0.715418760587256,0.605450594657076,0.580548252775942,0.560791802634911,0.319482115111223,0.553773399423743,0.52498610752375,0.577645028622912,0.579346906364762,0.569990159799293,0.569237549472215,0.540693575896649,0.579496824227006,0.542918042744403,0.643742286655892,0.544738382551046,0.542808603804524,0.537561441615156,0.713861679385105,0.663751551514435,0.610915579496313,0.578536753785968,0.590185787501717,0.6425492644002,0.725487854733113,0.731492142983536,0.623678853358809,0.712623958227736,0.665740122445812,0.66034010680239,0.599492085309482,0.716945482562195,0.668251100688735,0.62182196751843,0.699593196897688,0.63019458197694,0.731696778252494,0.721121231873313,0.662837700340827
0.366725642654885,0.710514259366397,0.603178396822589,0.584779692174349,0.554515656791301,0.332139550798186,0.567331552971453,0.5134839683389,0.569734292410635,0.577740467026664,0.578088178662511,0.576450037986287,0.554018524165917,0.577058257627568,0.54711829634626,0.637582435809144,0.551338891123271,0.536959176783202,0.527765119212909,0.727415872721588,0.659693664942054,0.608035233287882,0.572000701197054,0.628147066571334,0.678062170367598,0.721480326347388,0.738131554232125,0.620388211762285,0.704273566045761,0.699441834670076,0.687076681368948,0.589889834900254,0.715218658082873,0.682861860674414,0.659526559140292,0.710857540195359,0.629685925238859,0.729711611439386,0.723063029125111,0.647623291409068
0.383385141953948,0.700414179542177,0.598394332140121,0.57358320461723,0.546944862541424,0.343820812255132,0.576872915043388,0.504553563296007,0.564357511465956,0.573137791135982,0.581178486694855,0.571608353686052,0.56692929349304,0.572938728541218,0.559290317605979,0.631850350919217,0.549198588066183,0.520967104264938,0.517359729580816,0.732906779038159,0.652903413459856,0.60414088682915,0.560255302615739,0.660326136051488,0.706991555535183,0.719984115696401,0.738892918889517,0.615451689915171,0.693205854510046,0.723227801524148,0.707315417164105,0.580401830002072,0.708724813244925,0.690753128984841,0.691184122685628,0.715590672991928,0.628022988249231,0.727759911574609,0.723273237918187,0.635795234783093
0.400234138489759,0.688040208440081,0.59445475704771,0.556049154593629,0.537684572210373,0.355475086310036,0.580743385739881,0.49757464311041,0.564721729723957,0.567708698018689,0.578623947210172,0.556857150554703,0.573716583574359,0.569423768912144,0.575285758367933,0.622656081626109,0.545796441174792,0.514436032131601,0.507624196654115,0.731321210519126,0.645069460710661,0.599806991430264,0.545385321389537,0.684913785177482,0.726531134933357,0.70785688119264,0.737843607527307,0.608750435188288,0.680905671693326,0.735624014997911,0.720414795159578,0.571482999464733,0.698140092178621,0.692320949572057,0.714679712118169,0.713852868085722,0.624936493764642,0.726418784072104,0.720558441227512,0.626658235387008
0.415722633135524,0.674704307043546,0.591812658370245,0.541858703864432,0.535476913914214,0.365853584473915,0.577948439296026,0.473124637299081,0.568079608569288,0.561703321460873,0.56944806801862,0.541253540915364,0.571798108257226,0.565519044211629,0.589182560266646,0.612291897058214,0.542138373944219,0.523882798645362,0.495132240986936,0.724527266835162,0.635943359007472,0.594721416057061,0.53081099116556,0.701664381083246,0.73621826877744,0.694943578826732,0.735177151762708,0.602051381020388,0.669225965388966,0.73907697110769,0.725914736222953,0.563199645369269,0.686665310412205,0.689347950944326,0.7304497595384,0.707590898795468,0.619458569461757,0.724699655409489,0.712730046006344,0.617962726517389
0.429903477761225,0.661864144674479,0.587638197745163,0.535800177337545,0.538074805157957,0.377410960692757,0.571425275368321,0.466663355003589,0.572773436944615,0.557268826828787,0.5589427762651,0.529228131913586,0.563752958061161,0.560956149562059,0.5940712038576,0.604788913026264,0.540292006439138,0.525752240703722,0.478953522362945,0.716085196908348,0.62693563379526,0.588615075943616,0.515694362725424,0.7114792653192,0.737634504280306,0.683312829882668,0.732902341823559,0.594283975049602,0.658918353087649,0.735836526174166,0.724497476139149,0.553360588057708,0.676417601458643,0.683035963981746,0.738529266972136,0.698240449540215,0.610655851806132,0.721753382221019,0.697898545695173,0.607168137579046
0.443580438748495,0.650177482664756,0.581483845880032,0.533180776645179,0.538116716964428,0.389525427300811,0.562269932435828,0.462579234453796,0.572350214451185,0.556771749799052,0.551422437638598,0.521704472573717,0.553944530045562,0.556348605718764,0.587678854386504,0.593636254706652,0.534502411142411,0.529688965991636,0.457771802362609,0.708313114981728,0.617205203730541,0.580838334087468,0.501184375045814,0.714380146156366,0.733617573607603,0.670552394917398,0.730343992704907,0.584569730190425,0.650422671207644,0.727362539631281,0.718334919352761,0.541523135590856,0.667711838392355,0.673999144168822,0.739482164881823,0.687276505458574,0.597439263839888,0.715906668283264,0.675226587541132,0.592208306285668
0.455615621298278,0.639441498376012,0.571502476407828,0.525971831680834,0.534990294904744,0.403350325952184,0.553763637095571,0.437242567780605,0.569066200512041,0.557986981150524,0.545560805832013,0.515018239805136,0.545494043620915,0.550603887893589,0.571435957428257,0.5827378919786,0.521856811582549,0.535029966634865,0.439841255250253,0.700805462238481,0.606392977742793,0.571827164896808,0.489370065179261,0.711517372892764,0.725917893636043,0.661544737176026,0.72743909360439,0.569896366809044,0.644061327904831,0.715099710552865,0.709949628866244,0.528694757926699,0.659659223426491,0.662639329068855,0.734248885920506,0.675348538035239,0.579016972752811,0.704465977264607,0.644121741575474,0.571288067363837
0.465211327193342,0.628879804307929,0.556830440162687,0.511377093199022,0.533138736725271,0.416412780214945,0.546140230866668,0.405262256262882,0.559593153483814,0.557471761178333,0.543546880220163,0.504301225436991,0.537411359913521,0.545124241646117,0.553926252049223,0.573771193800258,0.51049785086866,0.531569447613805,0.42504336044763,0.693607463323551,0.59531813563614,0.562800433990098,0.480335359901384,0.705120373242085,0.717017952010931,0.648364638198223,0.713201791792698,0.551921078207383,0.639190607019736,0.701022119902141,0.699934244880179,0.5144677362857,0.651397304327174,0.650546496761473,0.725202556752526,0.663664956290656,0.55480632109196,0.684454661773891,0.605736760567104,0.5457837990683
0.470392045732764,0.618688960443415,0.54115243550832,0.48939138841867,0.52661018331802,0.428066202995178,0.542959083551616,0.382013699714801,0.544918582243533,0.552552156811054,0.547266731542491,0.486981882089174,0.529697978324943,0.538743129705697,0.541016064544491,0.56294233982193,0.50475638788508,0.518953730611053,0.412667539933037,0.68768705168251,0.583350077534076,0.553181167600135,0.471335021883674,0.69603910466086,0.707963143138905,0.64284831616515,0.696369226690656,0.533996128751499,0.634902524405301,0.687091722739975,0.68909616970951,0.500750312512161,0.643872714673494,0.63799841402714,0.713675386520494,0.652783703713618,0.524749488489083,0.656272689673738,0.561604902254735,0.516249635396027
0.47123830100909,0.609014982442568,0.525432547280411,0.462286145648936,0.514901211042643,0.437410186048191,0.543428333511794,0.35185590824913,0.532198663579003,0.545138103314338,0.55263417684406,0.463346057050937,0.520763357498207,0.530252972040299,0.5344400791961,0.545005194507524,0.497636370764997,0.499769130084361,0.400844059316073,0.682028014392095,0.570833824823452,0.542861360729462,0.46201079275832,0.686771316849317,0.699548331194498,0.634345028811901,0.675650686006113,0.518263880059446,0.628741062992231,0.673402243809279,0.678797329752478,0.488727718898022,0.63598415087142,0.625204423141717,0.700306205731112,0.64220423230875,0.490930151448563,0.61958250987364,0.515704286237735,0.485312534139807
0.467403751229709,0.597874410360344,0.511833200948552,0.433508622420949,0.50146868776493,0.444701490665855,0.54654555895689,0.315676398512152,0.522941135288999,0.534750551537933,0.554623439691648,0.433728532122665,0.50739587697475,0.520635309283239,0.531895552022003,0.521103589295698,0.488281642198963,0.480813049818353,0.390042067850846,0.678115002871002,0.557325174574898,0.531842074325623,0.451658268229146,0.677641843732405,0.692311199826043,0.617575633638846,0.658164097187623,0.507504216908571,0.62123524278671,0.660228779244653,0.66986790202686,0.477235088562242,0.62611732732005,0.612972966102013,0.685273307818623,0.63080929286807,0.457144153545796,0.577630826206999,0.47357035118339,0.454823902558024
0.459266853316866,0.583050985461065,0.502338160903171,0.400663778471204,0.485511985746902,0.446120427314249,0.550021314555565,0.291156577543474,0.512811205517815,0.522460332930475,0.552718263046701,0.400603770673795,0.48666318094076,0.510126356803755,0.530149114448245,0.496143638954127,0.483130151354038,0.451790151813655,0.382310229994877,0.673995892901291,0.543180944651171,0.52032604744043,0.43916271919112,0.668770420635396,0.68655740720521,0.597780802187968,0.644505100750758,0.499371128732787,0.609837485952559,0.649853956559002,0.662959841770261,0.465384710503961,0.613861140766892,0.601024473648697,0.669705304501788,0.618778052870752,0.426812433188985,0.532883894701042,0.438868457285671,0.427211696848812
0.449530460100854,0.563846124459031,0.495515547090077,0.363679744320387,0.462579409336356,0.442832429845422,0.551426875062389,0.277008632608379,0.499743580405519,0.510221729085518,0.54598828415481,0.366198366681506,0.461448969205657,0.498139851105111,0.525247727191307,0.469387110154812,0.475980887549395,0.425796155262057,0.373110571316783,0.668317082501872,0.530218468740898,0.508320638045816,0.424354806838895,0.660641764579887,0.682960542083393,0.576562143215664,0.611687952585455,0.491774303587194,0.594305648713953,0.643466447968829,0.657205172712692,0.454332312115958,0.600223820068813,0.588820956405215,0.655530802422489,0.605889314965836,0.403157300374338,0.490025404223891,0.414329777052613,0.404829645205782
0.439732816152185,0.541306313605549,0.487797959469141,0.327063547243607,0.435035007957802,0.431768001908478,0.54970224995609,0.268449720717603,0.485001054921333,0.499880884308546,0.537063703393765,0.333651865173582,0.432723258893351,0.483818467984022,0.516608535262742,0.442326973336036,0.461665037939529,0.401932432912722,0.360867767516992,0.660736192811559,0.518374495960905,0.49599141992375,0.409055233693928,0.652809921063443,0.680806365904102,0.557619626145336,0.575357503932046,0.481962909422923,0.575665249994334,0.639817469078619,0.651551373940087,0.443216306931992,0.585288638471854,0.576742685721822,0.644290103119201,0.591476683274768,0.387573819093197,0.454006647717024,0.401580746238005,0.389473118607598
0.432483428153266,0.517106579308641,0.476710719700608,0.295721123843077,0.403208034629068,0.412315052445257,0.545797516761976,0.273984305746394,0.465435430785835,0.493206805363435,0.527951744956133,0.303572119178395,0.402465172053637,0.467639447941093,0.503751661537926,0.417375121001696,0.44689232687501,0.377309524345673,0.347074124148994,0.650348981927975,0.50664081901721,0.483449915680115,0.396125206695395,0.646921227469251,0.678613424095724,0.539065846691338,0.538842830200193,0.466646195261105,0.55419858576284,0.634896614548306,0.646929108295667,0.430440146029528,0.568921985723856,0.564094077226307,0.635191497138434,0.575469660439993,0.378902714961987,0.428420088288359,0.400919123077079,0.382233026008195
0.428449994970706,0.492095953591179,0.461632324058951,0.272648324823745,0.369529970593297,0.384241418969872,0.538628257988857,0.273615681752432,0.440887567935773,0.484392366337382,0.518652844532347,0.277215660118938,0.37219177843431,0.450354737667136,0.488088919481249,0.396087138229507,0.437462390017926,0.347421206299711,0.333516007833752,0.637536044523284,0.495800158193877,0.470937132932706,0.388830344849857,0.641690795107881,0.676522182704612,0.518185467345964,0.495615972814391,0.44885148464903,0.532815002244779,0.627557699613486,0.6429200994497,0.418089708401114,0.552084045132249,0.551165415149647,0.627382575189878,0.558386518977065,0.37536311738691,0.414957514073484,0.411970354635612,0.382128811271195
0.425758098764346,0.468139904018742,0.443582165398277,0.260115319763483,0.338790328279573,0.351536015081066,0.52885380398648,0.277136329156836,0.411626056025509,0.470276661578109,0.50902067898458,0.260444469428707,0.343509648006666,0.432326433808367,0.467378327225301,0.382488286973676,0.430373649737844,0.322989601513469,0.322494514576358,0.620950885913841,0.483649195199955,0.458692667731028,0.386088419541467,0.635792481392997,0.673135898980645,0.495276454937521,0.453819252268458,0.429255834255565,0.513694045878578,0.616659995716987,0.638867203051097,0.407351340304246,0.535012570836221,0.537117764684055,0.620341962286806,0.540176798248496,0.375719212718925,0.413697353643885,0.430618927260106,0.388354839121264
0.424167692193293,0.445557141139472,0.425560298012006,0.255967223369677,0.309250696846178,0.317364574834943,0.518567554922849,0.276343988317936,0.381830456550672,0.450772943786115,0.497925279591668,0.254157392319275,0.316743925478222,0.41314782493539,0.441833327806518,0.380003799706427,0.4243176872992,0.293154406342866,0.319579172183785,0.601570750249247,0.471170934923503,0.447174459763717,0.384712281960331,0.630524442665721,0.666038191053495,0.479400061230321,0.419840249330995,0.415105448717504,0.497910929106025,0.602055281118069,0.633045984019695,0.398991354436915,0.518794067280267,0.523395871469095,0.612558340440005,0.5213562376572,0.379312389375275,0.423461556859175,0.451690771312539,0.399690504104481
0.424239216389298,0.425140265565846,0.412352837117728,0.255613385806988,0.283877968924585,0.284051854670078,0.508899809159265,0.262810087007627,0.35987146776896,0.427670699988882,0.483440423321013,0.254651128010485,0.293606717861403,0.394283392843771,0.414181248402284,0.387817686937971,0.415544306378964,0.268929374123921,0.319465071806592,0.580706525092207,0.458609030833687,0.43625042057433,0.382699843187565,0.624791704616758,0.654751235688393,0.467714405015561,0.397210986155402,0.409393247565352,0.484970154836615,0.58205449793057,0.624016173570018,0.393334676663154,0.503621693037682,0.509552651342,0.600781479442209,0.501527772960976,0.384230028945834,0.441421705841381,0.47148424642933,0.415002525304196
0.424835613918919,0.408516393737515,0.406113764622324,0.256797620497672,0.267764760266059,0.252308388383892,0.496041480042434,0.254465794765468,0.349854190836798,0.402779425489708,0.464120195121608,0.261755366781061,0.276127090681497,0.378123529037991,0.386180994205838,0.398954205422124,0.403771807506936,0.259734500289317,0.318395065107761,0.558762541662441,0.445208889312744,0.42738763784394,0.378723499094448,0.617746848150804,0.638987090177455,0.458148270317463,0.387832259976372,0.412138138237908,0.473824290812543,0.55836191951994,0.612357122449531,0.389279224676221,0.488410182736009,0.495728598495554,0.583333004553732,0.481790167807313,0.389282219424399,0.463367270844204,0.487268412878665,0.432490405507701
0.425015111278612,0.395811509565384,0.407836204809233,0.253733114761236,0.261377859245326,0.22709829581655,0.480752652091994,0.253756898101342,0.35069110211137,0.379091646428983,0.443005467603595,0.269272210290425,0.267702772946285,0.365113991682772,0.35966690005824,0.409228450362437,0.391557034143271,0.263846383567239,0.317730335605677,0.536272028379159,0.433734611280718,0.420721202890335,0.373983586309914,0.609221667283091,0.619510895509733,0.451252468823888,0.388944937723292,0.420237077718099,0.464180954298615,0.533235231853491,0.597216097738252,0.386524758451203,0.473672275426168,0.482415558148357,0.561482575673419,0.462619393856076,0.394151760083561,0.486017477807082,0.498036669801523,0.450517433679157
0.425478118398525,0.388542239947806,0.415186109263962,0.251113535281895,0.261909875734441,0.207795950701554,0.460918885583927,0.251568677030757,0.359525405847934,0.357284675765225,0.41750838979822,0.277494416669075,0.269098373261249,0.356816533278583,0.339637847530395,0.418074849119901,0.380611671148521,0.263833837313452,0.317582417238985,0.513922102751799,0.424556796920653,0.417569784230996,0.368881514704722,0.598451127803581,0.596737522051711,0.440251422949378,0.399420336791306,0.430428045263549,0.454235495374489,0.508634544002493,0.579071209421269,0.383136744229226,0.460452053272085,0.469928206790512,0.535446752312862,0.44491384086242,0.399622159370917,0.506099866430056,0.502881035422891,0.464595977649626
0.426900613281916,0.387521855956514,0.423753583241231,0.25035971218193,0.2659263602114,0.196170012451513,0.435496832173288,0.258986623156461,0.371050194441987,0.344035043449443,0.389845635354547,0.285071852992899,0.277979558094899,0.35418089920204,0.330212679797511,0.425807460318902,0.369973387359062,0.26161607545976,0.313443368972999,0.492379688778336,0.418151523848694,0.418953563940879,0.36279957920876,0.584909604027544,0.573356667838667,0.431658885302376,0.418252472114906,0.441626322451065,0.443998149495564,0.48582279373172,0.559670986555775,0.377218399497813,0.448407862957103,0.457509463712292,0.504776217490785,0.429171029555191,0.405338224332314,0.520736257464448,0.501288223498545,0.47159069792964
0.429596726928793,0.391124548651443,0.432654955469567,0.248530983484932,0.267723118147568,0.189823484947253,0.408393300375903,0.277644568827423,0.380318111859885,0.339857830422995,0.361417211748942,0.290304815690485,0.290451967513635,0.35664107896723,0.332748500858566,0.431872327159966,0.356707096214469,0.262437504319056,0.308953074757966,0.472866291428256,0.41331299741037,0.423082421579827,0.355862113985213,0.56778767335472,0.54990794442062,0.428135027521413,0.439103021994258,0.449839756546955,0.435677625954461,0.466311507155637,0.540023380856156,0.370352747566716,0.436581772916056,0.445091937863048,0.470619373665136,0.415141802381144,0.411069477032014,0.527028577286012,0.4930884710491,0.470701089112549
0.4326185303619,0.398528716310593,0.439278639737874,0.245437844948385,0.263368257900549,0.188929575193309,0.380985649612597,0.303536467571717,0.383997875420303,0.342802360516944,0.333029049022606,0.293513426132674,0.304188352097305,0.363420673789903,0.344274077218921,0.440164774772279,0.342308231484026,0.267060184131224,0.304016681056972,0.457067612651489,0.411263500606316,0.429254679521382,0.348288235379518,0.548275502233389,0.52601987535411,0.424708726250658,0.458834289012947,0.455189386952355,0.428904807560975,0.450748119388472,0.521293575164745,0.361912948224196,0.425666116324594,0.433491424430197,0.437542306773379,0.403916479844721,0.416703217514115,0.525591555478511,0.47907907056562,0.46269242826325
0.435543615498577,0.407751580349224,0.44282109910903,0.243507187018834,0.255734050584967,0.193090804753591,0.352714006227512,0.343031768229463,0.375820834673862,0.349467367600391,0.311515670347506,0.295564225950007,0.318927855284643,0.372735903288537,0.359695937575852,0.447862674002958,0.324729550117767,0.284137081986339,0.297263673889801,0.446768165544127,0.410738515463863,0.435857889718246,0.341835267690798,0.530073142678402,0.502966990735965,0.420625259692368,0.482541002750518,0.458953471758143,0.422797884525359,0.439144512212516,0.504873960868492,0.352227437351831,0.415950117019135,0.422301288280188,0.408829373729997,0.396211586018238,0.419970483422843,0.517388488189835,0.460715545582841,0.448643411585909
0.438636771105009,0.417819166534264,0.444077932297718,0.246333497425565,0.246057640684991,0.199530720576315,0.325428357142902,0.386838292925369,0.358998943154536,0.354799760330126,0.300553051095209,0.298747638403561,0.33262097493477,0.381011243599082,0.376868565756036,0.453938683910907,0.309346657626118,0.30994855964777,0.289594988226352,0.442083870460344,0.411670578290355,0.442725720498795,0.33809309201665,0.513090262091667,0.482246191506296,0.412769678313273,0.504232661321087,0.46279946211712,0.416586741645217,0.430751984056683,0.491228512918353,0.341348025790379,0.407445407170703,0.412096249396608,0.386997704050632,0.391661609776127,0.421174250734229,0.503491281960262,0.440872528004032,0.431432454438411
0.442529603204338,0.427235396708629,0.443028685688425,0.257317608117779,0.237668085269367,0.209146627525536,0.302559825015384,0.428437308366226,0.341791933714646,0.357019534020165,0.299192331636702,0.30509979608662,0.343624071837049,0.387704120698612,0.393356714381333,0.458336774525251,0.300535211148546,0.333822948062294,0.280786107651737,0.442247047667311,0.413912144593779,0.449987717244804,0.336355523077818,0.49743107406397,0.46575064888475,0.403826764952967,0.519168815248397,0.465444351953796,0.409243994858422,0.424630886152638,0.479671181340562,0.331160037540366,0.401191434204363,0.40266312296652,0.373911609640639,0.389912477647109,0.421137607469356,0.485950162240478,0.4214996510322,0.412582608220293
0.445778617286596,0.434834372412306,0.440159591136417,0.277731812893795,0.237326196316798,0.221720893727947,0.285759338585261,0.462744638177704,0.329250931779648,0.353356558532236,0.307535407044224,0.317936685627875,0.350924151320727,0.392973426488666,0.405575452795605,0.460759230173694,0.295160696149844,0.363132497558936,0.262193062367455,0.444834479253849,0.417361218905057,0.456724137539081,0.336358793118588,0.483855005560599,0.453956643137981,0.396585343908858,0.531464601155771,0.466001235545825,0.400204416286999,0.419336891240951,0.469491375855632,0.322209341929565,0.396699162948283,0.393725215766054,0.369535817253157,0.391132666855417,0.419796580458958,0.465897675833225,0.404892119136703,0.395061583440707
0.447399541492059,0.441082928983063,0.434199894682785,0.307113762055437,0.247017712932736,0.235534965731616,0.275654013801613,0.475534920137916,0.323184923005858,0.342787384542403,0.321700462897161,0.337231926499238,0.354748591865682,0.397296705898485,0.413898468604769,0.461065465151593,0.289345033112074,0.390139718171212,0.240591596820751,0.447635189843059,0.420669627253913,0.462408556062302,0.337923197536977,0.471762466639773,0.446530514602804,0.387620348815854,0.539155545865274,0.461952837744008,0.390954619848696,0.414577234211074,0.459660405320962,0.316106211012756,0.392951601328743,0.38525840280667,0.372280110536384,0.39363916567735,0.418348859946164,0.443538202923112,0.392918482237285,0.380154401886054
0.44692066378362,0.444830899873497,0.423748162873233,0.340783567454597,0.270753776669612,0.248728493281008,0.269673038975213,0.473640380996874,0.326564110575855,0.326991209169433,0.337377550879625,0.361082313868273,0.357861234738246,0.400727722978447,0.419783148108327,0.459449935322442,0.280891129971986,0.412815772129489,0.21813595100489,0.450939081519588,0.42210183651937,0.465972137408845,0.342461854181101,0.460562042619172,0.444044323533108,0.385875685328857,0.540304870415533,0.453281833147544,0.382417120360019,0.410392224743049,0.449649865744651,0.313913027915931,0.389788632099858,0.376995126189734,0.379198658265082,0.396613523143701,0.415605196184827,0.42108599187444,0.386410539381835,0.36901879440573
0.444324280486973,0.445401348368495,0.410719056432828,0.374068860521918,0.30815976024525,0.258543345833879,0.266729979548273,0.467781884278154,0.340638987551745,0.309588995710327,0.351924341684179,0.387048029728216,0.362678219352049,0.403965169813202,0.423147893210318,0.456844123968721,0.270737415018568,0.429096446682193,0.200529541666063,0.453198840890556,0.421584260473249,0.467237960705854,0.349131823121498,0.450644133293192,0.44575713263586,0.386968597348134,0.536578859030424,0.438946505390185,0.375154815843754,0.405863828327514,0.439138134316884,0.316104061508752,0.387150975018423,0.369124294980685,0.387780979107758,0.399974981417733,0.411833324636851,0.400921688437145,0.386306094760303,0.362434205715904
0.441722950739025,0.442162641650555,0.397799762176307,0.402771864105056,0.353249745898115,0.264455724586137,0.264752324308461,0.461599106503904,0.360692456492385,0.294436744774999,0.361632040963668,0.41180559884343,0.371002413489796,0.407911701113598,0.426920955378391,0.451117152047619,0.258381732566578,0.438583746748516,0.187850043036791,0.453788322120082,0.420482649112658,0.468242848703178,0.35592168588144,0.443273076941925,0.448998926296579,0.393490633366887,0.528601018097214,0.421421157846925,0.369019344821743,0.400611167506438,0.429625699270543,0.322196739679729,0.384752345235335,0.361580032330971,0.397173475814813,0.404377274195273,0.406921273912121,0.386022623510722,0.392760169810043,0.360545911187486
0.437869452519157,0.435770275421731,0.384845185729374,0.424373633482099,0.398355033847669,0.266781024322234,0.261333843109609,0.451794768584936,0.382297898433972,0.284429547276414,0.364139538733582,0.432453599519928,0.382767952934635,0.413502664194973,0.430948269934792,0.443554750172625,0.242668047492529,0.44631528927985,0.178233069006514,0.451309212659087,0.418821773804679,0.468746013550702,0.361621205166412,0.439260111381153,0.451932206539474,0.401398543846031,0.519804785664537,0.40011564964686,0.363579793254614,0.395008593873651,0.421724455353863,0.329658295174591,0.382689372406676,0.354689614352497,0.407269268547815,0.409337731440296,0.400041667895634,0.37713175074538,0.405095054428099,0.363202051052419
0.431358972345138,0.4270389938667,0.371742254278099,0.436874786814555,0.436921962435579,0.266096770956064,0.254455209820829,0.450137825749986,0.401117031214062,0.282919132362284,0.359658005432865,0.446336969344431,0.397239174904728,0.421342245484796,0.435403948014335,0.43593783066071,0.224029574357726,0.452935971725146,0.174849579442185,0.445207068181113,0.416108736023258,0.467079348016613,0.365323793109181,0.437248134149401,0.453963840621608,0.41013711397841,0.510499309359016,0.374704251284119,0.359353738409549,0.390810628839999,0.414420387148313,0.335979891120671,0.381243518092981,0.348705273320981,0.418482158677516,0.413359307710577,0.391302797902033,0.374094738782807,0.422382774206746,0.371842300883425
0.421161871125302,0.416734269444662,0.359888524185763,0.441901369271347,0.4647726451149,0.264014944750792,0.2456927519136,0.451820521954244,0.413083308175751,0.290436484547797,0.351536047473588,0.453373779525796,0.412533823788879,0.429839554945037,0.441359326698697,0.425598053127121,0.207808733947287,0.452640838286218,0.176577279567451,0.43670422177862,0.413394246746309,0.461575031458986,0.365863002262432,0.435958135368925,0.453816140730084,0.419743026076603,0.502091937838872,0.349384866629971,0.357568555959005,0.389326349735609,0.406901253155925,0.340238779296951,0.38027370933655,0.343064469164029,0.431295895514973,0.416224673216997,0.3807212080882,0.377647204868835,0.443982097092459,0.3871302334058
0.409253440007747,0.406282836855088,0.349657906240802,0.438647076996835,0.479410695367168,0.263560575742864,0.23698305405183,0.442806303818255,0.416816063193358,0.307311375353968,0.34237431671827,0.45483892591092,0.426699281426057,0.438038131118354,0.449188284865061,0.416353064857349,0.198143764770463,0.453799757461538,0.180152338937732,0.425354773782737,0.409892691970021,0.453920287044317,0.363688723059039,0.435229458279218,0.451611022243675,0.427487401408209,0.485448928984469,0.328247143827649,0.357945639802909,0.391054308229064,0.399617805638755,0.34158486741978,0.379371825453779,0.338269418511514,0.445730055835745,0.418016190268497,0.36827824600563,0.387371582519034,0.468113484110525,0.409296361156225
0.396126686197373,0.396281105038625,0.342067383143009,0.429788426306197,0.483677776314013,0.26857127057591,0.22999647049085,0.43288248412532,0.410629830393067,0.330790294454869,0.335546779452233,0.449998266611482,0.43809642291927,0.445350087708101,0.46050077635774,0.409242262386422,0.19352899430797,0.447075396661196,0.18499367913022,0.412291032000458,0.405177663764717,0.443924359796997,0.359086793855007,0.433995964803013,0.446207301933321,0.433438057248449,0.47279331481014,0.314980425102635,0.360027966653719,0.395641245783273,0.392341178606944,0.340184479610326,0.378342639112109,0.33471758713994,0.461764546927425,0.418456729194715,0.354986963490683,0.401383075409059,0.492336072804225,0.437047804897922
0.381725101460761,0.388293064472407,0.336892801218537,0.421666595154264,0.478505187162191,0.279727701125551,0.224206069386981,0.419626224654353,0.397759763957418,0.357114843205806,0.334502511481968,0.441415456219948,0.446067621125718,0.449988932741348,0.472749554074299,0.405106192167172,0.19424193735093,0.434924597427309,0.190567639017509,0.401201425841433,0.400135112499891,0.43124917359652,0.352847199768838,0.43243436912247,0.437261149216934,0.437872025690763,0.463543400575405,0.311396920696946,0.362232052550382,0.402597182704755,0.384543605493479,0.337181324975364,0.376912389008467,0.333464375111284,0.477556917978976,0.41768976545143,0.341956982423649,0.418441625578497,0.515357476945837,0.467961325189755
0.367522437384235,0.382536414330481,0.333624864421514,0.417169995462969,0.470248344429989,0.296626498072139,0.222502785547546,0.407989909923874,0.382794213317747,0.381143338119489,0.342480336782386,0.430454379936202,0.451073908755083,0.450875909678203,0.483637141649294,0.403704025624533,0.198010750852141,0.421070299518942,0.194749179448853,0.393841057478143,0.394675320639868,0.419306614091179,0.345935556616167,0.429328832503911,0.42552672173311,0.445431307693465,0.453547704642589,0.314061849287713,0.363593638903813,0.41033681094404,0.377032730443518,0.333850136215295,0.375541235688841,0.334332601120283,0.49209547129533,0.415378468274222,0.330217496047832,0.437517970334688,0.535858110714604,0.49961980349996
0.354934481530857,0.380903529064013,0.330014306859305,0.417054672050125,0.463582415539861,0.318103471687,0.22717670254044,0.400947425973368,0.370723599186584,0.395621363891569,0.358769503401585,0.416917041867452,0.453637037339453,0.447733341072062,0.490824289123983,0.404499809737536,0.205774990093197,0.410866404129315,0.19727779034221,0.391476025648149,0.389885556378705,0.40946807887053,0.339489656179339,0.425856903772427,0.411479505626419,0.451926797158494,0.443640833306425,0.314764813199666,0.363188995311568,0.41652157308553,0.370828731639095,0.330942466702295,0.37392328553124,0.337089699632771,0.503158013119326,0.412116215267953,0.320792093961188,0.455969005872852,0.552838060530953,0.528845629130151
0.345212598092226,0.38380210592747,0.323258533191012,0.420678016090443,0.460500340395701,0.342573800215337,0.239568939062202,0.402015931905881,0.3625505681635,0.398790651386965,0.379200355039587,0.405004614306311,0.4548551720459,0.441569026006461,0.493596703065951,0.405293329220128,0.217826601526185,0.406521589557236,0.20195421307068,0.394872871242738,0.386960162463729,0.402426502262675,0.333867553919699,0.421641931468328,0.397234031314384,0.459430653509398,0.432355751014863,0.312512529818191,0.360499126294889,0.420707956544537,0.366592783949545,0.329176338429305,0.372103156868885,0.341396263409323,0.509552773291792,0.407930874864768,0.314600878117725,0.471846194477127,0.565433333826457,0.552887271823233
0.339292581638645,0.391023559332161,0.314756118616026,0.424693785488971,0.46237736584941,0.361675354198361,0.259936122086897,0.404874214937047,0.357216249188121,0.393283296121617,0.399739130113351,0.396765890368552,0.454159246089683,0.432733758649288,0.491237846681046,0.412428090736164,0.231479321231257,0.405884886099488,0.208317110270982,0.403619797895154,0.385282150311495,0.399380865604359,0.33061372567205,0.416069110633027,0.385477826682146,0.469857126023382,0.422005797363348,0.307424293361074,0.356081587079998,0.421474571366999,0.364486783586091,0.329008389428135,0.371027635785123,0.346738131309974,0.510018010285182,0.403257391887768,0.311451469223017,0.485583516228794,0.573587865098903,0.569706046825689
0.336465036756131,0.401438294624205,0.307807812086281,0.427366090523326,0.468070656180461,0.371869615764323,0.287718332335171,0.412162912864072,0.356219511484591,0.383309334946656,0.417756045735165,0.390909517941368,0.451591617104756,0.421663396253174,0.480896635918002,0.426140384904361,0.24536137441019,0.403395557486335,0.217351043992969,0.415846278939295,0.385404701043567,0.40085475532196,0.330903554156184,0.408021431503589,0.376920209282749,0.478100162650011,0.412088596784348,0.302950261079112,0.35113702096461,0.418183334736688,0.364915018807847,0.330875697699507,0.370346504544422,0.353326338492086,0.503769112804437,0.399242295833197,0.310804579826224,0.49614493943229,0.577572711254366,0.579625557070031
0.338435985022668,0.415471392971262,0.305161706163373,0.427198219641158,0.472981382199617,0.37344674049589,0.321097483213619,0.426115403279979,0.358388884769051,0.3718353111008,0.430978111034978,0.386947749535374,0.447322607129059,0.409522192982547,0.463563750079803,0.442126106814578,0.260121381533252,0.4047794950547,0.238316319308471,0.430214248177622,0.388088615652297,0.407191110230796,0.335010467981731,0.399377253596771,0.372691323066497,0.484359310644768,0.402056539744637,0.302895654668869,0.346635613794283,0.411948163627742,0.367822031852849,0.334508855188403,0.370215855834302,0.359857878707595,0.491627540505584,0.396493216940702,0.313073142564129,0.503060587152627,0.578097365328537,0.583916664507433
0.344754841991513,0.432564731856784,0.309705418810719,0.421574698780314,0.472929783399773,0.365985476888916,0.357537017706711,0.457946362797805,0.360907405577472,0.36037617101018,0.437648481748647,0.384035319798461,0.440136159462359,0.397498825672627,0.4429521899885,0.456433727255222,0.278085033398645,0.403581124577119,0.271980240278082,0.444483266124305,0.392963702657605,0.416980869062699,0.342831636371021,0.391235136430236,0.372960379092903,0.481735089437611,0.391614550471843,0.312247930967922,0.342764004935108,0.404259149784089,0.3717001894033,0.339886196471198,0.370581489069347,0.365568715706649,0.474733037890451,0.394188276331772,0.317858111615477,0.507497845363261,0.575760579811742,0.583990638962314
0.353036598415504,0.450639060540539,0.323090134237923,0.410192822989334,0.465036033790974,0.352484731596358,0.393324825225644,0.487733027004566,0.362302235282843,0.349122747332024,0.438109968418577,0.379262012906802,0.429023263461086,0.38727103564167,0.422217136047849,0.468194065688742,0.300166497648162,0.407438694666207,0.31298310822288,0.457014883375311,0.400886282635878,0.429900339203229,0.353690169868328,0.382991861650381,0.37836452760318,0.481499752154057,0.384812212317873,0.334257907451685,0.339811652799724,0.3952362572556,0.375748135561165,0.348043567082446,0.371085512391514,0.370718782933463,0.454418422010773,0.392747901539732,0.325173010920168,0.509555692754395,0.571319355664565,0.581408646184649
0.362169733317682,0.468911182165259,0.346781138463928,0.394901489272569,0.448426522961602,0.338838146233749,0.423051306058365,0.493068845258204,0.359623531085179,0.340000190110371,0.433873110948796,0.37046686793321,0.416273831405991,0.380124701381323,0.40498468900893,0.47896779590196,0.327683245816358,0.419709120170915,0.358641228082492,0.46663713604455,0.411727786441881,0.444739833478756,0.366382803150047,0.375438535878131,0.386749536062539,0.480509660656539,0.379973276597507,0.368446608716562,0.337344046997697,0.38487894229177,0.379830060838305,0.359867780891905,0.371689400101501,0.375104654275349,0.432930425631255,0.39296473150361,0.336125170761711,0.510849947863017,0.565566476606873,0.578145851869807
0.372201245512518,0.487244454593204,0.379825355140091,0.378328932739617,0.42628087662988,0.330484891209811,0.44590571691919,0.487320202473471,0.350364060029684,0.334951646649842,0.426669430980033,0.358592743618744,0.403832328812066,0.377199328515123,0.395231947485746,0.491284284903051,0.356175522878512,0.418818020032513,0.400781848416501,0.472283086178896,0.42453858783549,0.460364889859568,0.379948818760254,0.370398599652064,0.397244053594938,0.478460511506241,0.375470272790685,0.413763044600735,0.336301622005668,0.374455656010345,0.383203862363867,0.375719170146676,0.373269042710528,0.378539707087725,0.412176650533287,0.395239980505359,0.350105732622826,0.51180273596079,0.559292096297227,0.576010058038301
0.379263481276603,0.504443507178801,0.419243925396839,0.364300361532082,0.4049663736779,0.327704723651945,0.460662856880494,0.474457804107111,0.336066248475225,0.332826834878775,0.416901305751556,0.34500320650223,0.393674855177897,0.377953206517865,0.395102526495697,0.502386573350347,0.385737706595735,0.416208075686055,0.435086778485529,0.475860814771426,0.436753093514457,0.476458855030421,0.392256792219042,0.367577718666968,0.409439241271278,0.479990244094629,0.371357066087251,0.463686299097411,0.338502062008925,0.36480770380715,0.38493996094657,0.39337700860791,0.376770410680066,0.381591325232648,0.39335112507926,0.399112510220346,0.365984670056545,0.511327635783239,0.553380519759849,0.575732428429221
0.382234596639532,0.520141956048641,0.460968352054264,0.355049585058284,0.389515901131884,0.329527649807357,0.466272362784116,0.458661900948291,0.318364185568112,0.330754946080361,0.404843710501809,0.330019480216017,0.386077949949723,0.381865077649979,0.405577623638066,0.505023199068492,0.408647540423276,0.415975553764204,0.465853008143837,0.479503506606857,0.446809538858597,0.492383100615919,0.402174400252946,0.367298052702697,0.422843027961533,0.485281795984864,0.372282698549894,0.513725568059153,0.345118137073668,0.355966584956144,0.384695784604517,0.410555460018211,0.382424705518943,0.384257344672155,0.378281653684783,0.404260015564153,0.384559188678212,0.509528562144453,0.548647384580328,0.57762319603074
0.382688074078336,0.53349481628549,0.501540833815644,0.3519352094046,0.383837655546961,0.332723227684283,0.465607120025045,0.448323821741247,0.303759870024788,0.325844206860072,0.391660004137879,0.318082448277125,0.380396113613695,0.388220441524656,0.425585589538841,0.508500285354646,0.423640038537175,0.411505632399103,0.488929612023128,0.484042298550796,0.454999523906547,0.507039474372065,0.40976143545029,0.369177948147811,0.433948280254876,0.493734932577857,0.378593307666122,0.561601408074216,0.357198914337168,0.348035634873995,0.382709418346839,0.425555050780989,0.389791849003357,0.386516166411214,0.368705679982865,0.410169038684504,0.405417688452526,0.506675313298305,0.545228477183986,0.581438513144515
0.37947531587619,0.54505606821912,0.536585568694185,0.355126276127232,0.390302551289084,0.333044717905811,0.461929110628741,0.432150470168706,0.298032036077228,0.318928500286021,0.379394341372356,0.313397420172193,0.376911130486101,0.396313174126779,0.451356418188371,0.506148519178939,0.427835345199585,0.40900823969873,0.507615531199195,0.489658155671467,0.46005166670781,0.519454122480984,0.416326067009291,0.3727598177409,0.441861765490812,0.49789146082517,0.381136809851338,0.602634207194165,0.375305293808906,0.34142915627901,0.37944753010888,0.438678949821506,0.397812192342008,0.388796567929552,0.365013008772849,0.416582593014569,0.426979088357587,0.504118753235659,0.543004802359829,0.585649357837013
0.372274555667421,0.555085343376023,0.564165393497802,0.364504388416691,0.406450147294178,0.329058273921654,0.459645180292608,0.419678742632692,0.304895902709047,0.311217999070321,0.36950422860836,0.316077798375474,0.375769847220172,0.405031775784115,0.478311568868448,0.498311236428892,0.430329459645154,0.418339447267426,0.518388640923597,0.496171186265635,0.463135243830125,0.529016107942353,0.422165063891966,0.376472123099787,0.446814583739701,0.495981760488675,0.383538472677101,0.633575857585992,0.399814416357136,0.337022375470315,0.374443348595761,0.450253133487489,0.405115313510628,0.390522191692524,0.367883831881531,0.424076628678191,0.449560385688317,0.503375791515991,0.542046907725139,0.588292089505767
0.361519019541463,0.563165276340885,0.583161608437145,0.378773153466875,0.430670987325639,0.322707312985796,0.460416251542048,0.423586573064145,0.320344396596286,0.303168342480892,0.361074234968613,0.326764127833359,0.376304467893864,0.414481046067877,0.503183380249058,0.48675560066734,0.42755758770014,0.432015643648979,0.516752066392088,0.502584754348618,0.465812944963231,0.534753134775634,0.427898200830171,0.379890491242254,0.447772468799657,0.49170479044958,0.391484860069571,0.651895709133278,0.4281565376154,0.334770383056614,0.367903357212648,0.460765389992721,0.411200827855463,0.391160588914868,0.377612301790913,0.432769066237822,0.469698681932112,0.501831352144387,0.542014866863044,0.586947294817072
0.350490238960762,0.569267723668136,0.593662116463626,0.395005947747762,0.458455221808032,0.317213674998059,0.462460245806806,0.428281240618771,0.339280049102623,0.29519384473981,0.353888389352,0.346182288900153,0.376662962403889,0.424433040506391,0.524503864316428,0.473275484424314,0.41963251008068,0.444659052425355,0.50445893152223,0.508036948979035,0.46895516268261,0.537518337503827,0.43363632487531,0.383528633754957,0.444483050105165,0.475698467405569,0.399378432108847,0.656260904060783,0.45627058277551,0.334674345854454,0.360463477401541,0.471534155841972,0.41665724109066,0.391478979520808,0.392567429860174,0.443379602209726,0.48724623041466,0.497875915256854,0.541882503273474,0.581516675728208
0.3401537262642,0.572758918345647,0.595582424466241,0.412211818122978,0.487410944323971,0.311646563499311,0.465023833445161,0.451670397787788,0.358460875053496,0.284985709435132,0.348422716584677,0.369786473973596,0.376102438708586,0.434202504130869,0.541503427812727,0.457808038178422,0.409508813669684,0.455718783106439,0.485481490983014,0.511361280454463,0.472025717049401,0.539400170659646,0.440207417101184,0.387114527334483,0.437549065579237,0.454077433315798,0.398602230523064,0.644689204927304,0.48047586925433,0.337543619127573,0.353628313261994,0.483779404155132,0.422145014096497,0.390973308169807,0.409465284574275,0.456224620885364,0.501793956953097,0.490721599165202,0.542279897307731,0.571451876902958
0.328808736609238,0.573039387783806,0.588313515150613,0.426969264502797,0.506622659609959,0.298382551420822,0.467344506393703,0.486617801829348,0.376153724151491,0.275880879403048,0.342925852194029,0.394311562841662,0.375004528953062,0.443051661270822,0.555624478022329,0.437035661631682,0.393059023331735,0.463155227794582,0.468781503868833,0.512804177791161,0.476969489264811,0.540847706869081,0.44798968241637,0.391894368911624,0.428198919914744,0.434693131501603,0.400291719363756,0.619354632597619,0.499404915364243,0.344379784475144,0.347136125257712,0.494930776932576,0.427487754969287,0.38950315582821,0.426643304940083,0.470126781314883,0.513006465749992,0.478590931076737,0.542184586459335,0.556013007679293
0.316551356943778,0.570977310334049,0.575451660440241,0.434934651368182,0.507636071519567,0.281473374087957,0.466910315346765,0.501979590923072,0.38954518802298,0.269907512291432,0.33815285039024,0.418590087481554,0.373160944338101,0.451293323263435,0.564612831803206,0.41344301875939,0.373233439515287,0.453324457856353,0.449173937586852,0.513452325732855,0.484523998447637,0.541576707188291,0.455296137242813,0.39786812158417,0.418913324462645,0.418059233636075,0.401137656246551,0.585464194173464,0.51040443737852,0.354604516343801,0.340950483709305,0.50213367072999,0.431929538855965,0.387224589192178,0.441458313695018,0.483395144457218,0.52027558027626,0.462284057828378,0.541102463828998,0.535133262094359
0.305503406597972,0.566650543742064,0.556486828922407,0.435102418856056,0.489746947486735,0.270766583631607,0.463327019170007,0.495609463711644,0.395515874534454,0.267563249384267,0.335723850814016,0.438978419967306,0.371133651041968,0.459187071753411,0.567644809329075,0.391035263659798,0.35099095527898,0.439347908886422,0.421528333142958,0.514171027383247,0.494496645804595,0.541178937445062,0.459928865895642,0.402798408462099,0.412815487008021,0.413408926022807,0.39750729654163,0.551160083346794,0.512868174220944,0.368400644233063,0.334153079540477,0.504514823093707,0.434263489225026,0.384012014445887,0.45195176183951,0.494125360754477,0.522948302498472,0.443952258986228,0.539312640235765,0.509489395960975
0.296635302632845,0.560829080568128,0.53494255206763,0.431306749020308,0.458964946374025,0.264375108881991,0.457397758567098,0.493704279739586,0.390542723050076,0.268657855767211,0.334699040815656,0.451354727943459,0.369068328631938,0.464594808999782,0.564749313506478,0.372732855462806,0.332838151192753,0.421486419084267,0.39124531434865,0.515128581455715,0.504052626407833,0.538128234477276,0.46158239418471,0.405885375211543,0.41390850768457,0.420527042284063,0.39015391706965,0.521180003932068,0.50527686285782,0.384947895046934,0.326190504763558,0.500630817929741,0.433974629280979,0.380429621672217,0.457266103391639,0.501814992745448,0.52187576700801,0.425216809813272,0.535370196862002,0.481505654119409
0.291102434278934,0.554351307771444,0.513485298545837,0.427127854131427,0.428821636200339,0.250147884779066,0.448113180920584,0.486000224266471,0.375451038311578,0.2743224515032,0.332969921431734,0.453349186281414,0.366114768677609,0.466025271194101,0.558229410295314,0.359358634054138,0.323383083854507,0.3886883773216,0.367940482453091,0.51743159610166,0.511356842299745,0.531385827629062,0.457043986318007,0.406368620640998,0.422260131277299,0.420329456003872,0.375253907555782,0.496181038466889,0.490641862383505,0.402597150773816,0.31756131673955,0.490651277223819,0.431336293498398,0.376947522377783,0.45876480782925,0.506148638466655,0.516698075291882,0.406984070974741,0.530184622903798,0.453631217823545
0.288352372934265,0.54756114863605,0.493933254786757,0.419585196750559,0.409970115464596,0.236287578696043,0.435897140114344,0.476532728570057,0.356678562586701,0.289931554747143,0.329356029145975,0.447051221099483,0.363252532450663,0.461275284123456,0.550507775938681,0.346929338106038,0.322470862980554,0.357495672220237,0.346794673208206,0.520792211543979,0.513864340905562,0.521617978894717,0.443289589597668,0.404444575087482,0.436016405705331,0.419482340137833,0.357092474611695,0.475419200038606,0.475322560148335,0.419486043707434,0.309673588963214,0.475638939104245,0.427905381293054,0.37374178206425,0.457442186108696,0.508421599054572,0.506437125991863,0.388926709532495,0.52332261488624,0.428169007990651
0.288252599254232,0.540181549735039,0.477056179466421,0.412495746907967,0.394948352706488,0.232055249746524,0.422181185439679,0.479655374465676,0.33855572916435,0.317798544577176,0.325130673733317,0.434720104138965,0.361879140253888,0.450136671873039,0.542036312855838,0.333488450596698,0.329920710583643,0.345559466871956,0.335652991639725,0.524206480902289,0.508653134243841,0.507310020308036,0.421399877159304,0.40091788319906,0.453062513395635,0.418290012840976,0.339630686110259,0.45731257723437,0.463220341303673,0.434948706211986,0.304786447171117,0.455941458870404,0.424573078346898,0.371084652172529,0.453176159795868,0.507782954540693,0.492636897799814,0.371458659225314,0.513739874036704,0.405569340910253
0.290647010051848,0.532031192994157,0.462470815478115,0.401885981553934,0.381823113537795,0.220645006365376,0.408657911049783,0.494820251623898,0.323769940335535,0.355302806088308,0.32406273687695,0.417032689268781,0.359793182277844,0.434690669887002,0.530885536533688,0.319699878790271,0.346466277353011,0.327983144971748,0.319835784424356,0.531253975150033,0.497408764464553,0.487343304306645,0.396036692738944,0.394532677707107,0.473803868556878,0.422479673624554,0.32038349559213,0.440010576282799,0.455843426473794,0.447947435575831,0.305354012924039,0.434341116816601,0.422454299163176,0.368817401552097,0.445905268476773,0.503202312469675,0.477496827969499,0.354328068925913,0.501066629848133,0.386650487761576
0.295700468915399,0.523439956598073,0.45211163539349,0.389585331886819,0.370896105606214,0.203567694019604,0.396861222277864,0.508586151083062,0.312108910433242,0.391424965590736,0.326837543385872,0.399700948227202,0.354949532957174,0.419567225456797,0.517812954909339,0.299615243362914,0.355760463543126,0.321199030650182,0.307859131948119,0.540628837651578,0.484279282687284,0.464229464013948,0.368193368498214,0.384025695343331,0.495561857898072,0.426092633868438,0.296886383242133,0.41966572276423,0.453532531301059,0.456799404841268,0.313501418116358,0.412017487122784,0.421131946737836,0.368573806966101,0.438693903393637,0.495094529566516,0.460895078497201,0.336446741435082,0.485839602549553,0.370775236618867
0.3014615203435,0.514937521151218,0.446310917387618,0.37775889959154,0.356318386991054,0.216869698188103,0.386633374385324,0.506959694282423,0.300002512617177,0.416098564216099,0.334828339913277,0.380595528963373,0.347780467583287,0.408146108864539,0.506472112505411,0.279854610282402,0.357997252253441,0.326537269627623,0.292169035585545,0.543111514511343,0.469987534087461,0.440044872010558,0.340936479985941,0.370003181331799,0.510726107699159,0.421237614017032,0.270503487231863,0.395267165298485,0.452146426489905,0.461242137761691,0.328126981655881,0.388781838428341,0.419646450378398,0.372141229589331,0.432256122769189,0.485658816057535,0.444061403898126,0.31662318990564,0.468744433511366,0.35793260803477
0.30797755413892,0.507544485824481,0.443084740995575,0.359582268526641,0.33843915941647,0.236662130058452,0.379480759680777,0.509234085876321,0.286911500674407,0.413492553181784,0.345358315633745,0.360383465735856,0.337091330089135,0.395145229903262,0.494351849328224,0.261920775644716,0.354313244456475,0.330982693398343,0.270592668764007,0.546722019492666,0.454261958679774,0.410938095726417,0.31861727199461,0.350162574205682,0.521165277376819,0.402349002216947,0.254278125871795,0.363231349678722,0.450047515276152,0.462844856770124,0.345030768544818,0.371012093002762,0.416722677075985,0.378413338672326,0.42744822856366,0.476712085975264,0.426175365941208,0.295226636851236,0.449042719512536,0.344082516909393
0.31267154679938,0.502821565396588,0.441172982976035,0.336422460079572,0.321597406049799,0.239511454579115,0.374910512712299,0.502931697237723,0.27468109697979,0.38914791532209,0.357657376920192,0.339338914828776,0.323892873395612,0.380526696769602,0.47695723468109,0.242259750210409,0.334307521069096,0.333496225570422,0.250785686460642,0.546579642059539,0.435138164965235,0.383024593456835,0.300731059917881,0.330523469899468,0.527852759527329,0.385364114268578,0.239903844922653,0.328059323534198,0.441923477015115,0.457951141441586,0.362090671716133,0.350315715216572,0.410045248903074,0.388019772511454,0.424264109025174,0.468320943300283,0.406947775002818,0.273791398082549,0.428217017360089,0.32888628346231
0.315955110291841,0.501629767674554,0.442496708997285,0.315409343520805,0.306860710985538,0.201413935641166,0.368750272266812,0.485109806708559,0.261310328033005,0.34180303736332,0.367235108549082,0.324582000771118,0.305942045095554,0.366148326458575,0.455551636946442,0.219095914677174,0.304831920514312,0.333292464442945,0.226641897737724,0.537060765936732,0.417382020461335,0.360983487759805,0.284711526705516,0.31367762277621,0.532499596835611,0.379265992039053,0.222840580167798,0.297795408873317,0.43072727697494,0.453356260233688,0.376075355336219,0.324805650948968,0.400508605246973,0.401411015391447,0.425175074169367,0.462260657858823,0.386617833014751,0.246251321193103,0.407937254966205,0.314111886933045
