HAL7,HAL8,HAL9,HAL10,HAL11,HAL12,HAL13,HAL14,HAL15,HAL16,HAL17,HAL18,HAL19,HAL20,HAL21,HAL22,HAL23,HAL24,HAL25,HAL26,HAL27,HAL28,HAL29,HAL30,HAL31,HAL32,HAL33,HAL34,HAL35,HAL36,HAL37,HAL38,HAL39,HAL40,HAL41,HAL42,HAL43,HAL44,HAL45,HAL46
0.129166108736388,0.119897391061863,0.106494349231086,0.117915677851797,0.122390297374495,0.12875484173377,0.102730833107184,0.126743982264618,0.112269606086919,0.111501871571739,0.099018035266638,0.117752262219785,0.108154085785679,0.099575548947257,0.102964734211534,0.112669355026485,0.127501814195594,0.128438643603018,0.129574524296352,0.111488823854055,0.110497988891163,0.0983006072715638,0.1028849243225,0.111536232090656,0.110146095830387,0.0966092313745191,0.0719785669394667,0.103105385643132,0.11111870974732,0.121802274620603,0.106289994185618,0.102724333509614,0.111703559571286,0.118268564170266,0.111981809484869,0.115844636572723,0.113755930733956,0.11440580643563,0.116860058809899,0.119351617356206
0.128201121383586,0.117837866493906,0.0999467736873454,0.117455070978056,0.121356618460247,0.128150889013472,0.0988282988356965,0.126893544500379,0.107945179226272,0.106634394039466,0.0922745770169436,0.116857398095296,0.10512212435025,0.0928652671559865,0.096647812654231,0.110038066958806,0.127494270404903,0.128393375224977,0.128749275233622,0.107871228210486,0.105771867000456,0.0926841656514671,0.0969084798888707,0.107595626896458,0.106972567542016,0.0954523751879252,0.0699079161996782,0.0964101155386286,0.106485453899605,0.120028556672733,0.10090892618447,0.096618915254905,0.108782205142614,0.117571937470526,0.112394888344475,0.115166754822077,0.11254671709568,0.110942249769594,0.115971195501428,0.116288018681159
0.1275632278558,0.115548299118705,0.0966121335557601,0.118670714563896,0.1207742166546,0.12773548000744,0.0971086120533459,0.128414528358456,0.104387248665527,0.102163166274149,0.0903233137398025,0.11527914145246,0.10322770931737,0.0904688254936163,0.0936902947730056,0.106597626079941,0.127313577192439,0.128371026810962,0.128259961289579,0.104938109929157,0.102436534256037,0.0907044313811543,0.0948866692172147,0.105864183560084,0.105486730556024,0.0954874904415089,0.0709770770744254,0.0942564745657154,0.103215682369079,0.118676237180785,0.0981001998374434,0.0943542315374323,0.106459764628242,0.117358069567663,0.112541376699663,0.11444091832434,0.111453073595728,0.108200358078336,0.11458758658807,0.113955573547559
0.128323425118414,0.114855512197049,0.0988126258618181,0.122293590113681,0.120781941984758,0.127602449496436,0.09876849778856,0.131242527636729,0.101298673331012,0.0998884046913142,0.0943691545796898,0.11415180312833,0.10187191795081,0.0935423879866258,0.0943097441778247,0.10255241862847,0.127423349365601,0.128999063704444,0.128101648605706,0.104128885186341,0.102186467371843,0.0941422559279191,0.0976741801726686,0.108431545662736,0.106047381011194,0.0964741640232429,0.0741337242719116,0.0984877311769975,0.102952894305075,0.118201223291902,0.0997870805798328,0.0974184821979638,0.105737852903321,0.116985303681482,0.112563195046186,0.113713676845085,0.110146374171687,0.107403148927698,0.113014819265999,0.113491527909647
0.129879858873454,0.11557292055018,0.105597091817325,0.127952274568564,0.121742854409385,0.127713980841324,0.103405970512755,0.136747437551438,0.0990463488392862,0.100179235118883,0.103000115156156,0.114413215889096,0.102915284942929,0.10111321279649,0.0982678354194345,0.099818880976743,0.127918915546827,0.13025827459283,0.128267406935151,0.106097604560579,0.104280299301334,0.102239843054971,0.105015942300077,0.115694668004821,0.109781953603394,0.0979578596693137,0.0778597297924653,0.107420692515528,0.106248381747653,0.118575831422861,0.105292579349319,0.105678240026442,0.106553697012928,0.116944971850448,0.112253413671835,0.112747854132728,0.108944072057668,0.109666051730418,0.112207487739633,0.115004062439263
0.130930005326706,0.117872479860355,0.115096645003587,0.135312355932061,0.123790364679895,0.128268883701801,0.110281441641308,0.14416300493761,0.0988624299548762,0.102885797061562,0.113743429938236,0.115823499206759,0.106690581792417,0.112224976178463,0.104822150064356,0.0987110279244274,0.128322054993851,0.131930066618855,0.128843359912245,0.109813712322097,0.108705171372106,0.113228851142412,0.115644088159306,0.125999072110431,0.11628798277039,0.0988828012208035,0.0827632886569782,0.119564545154913,0.112126724395336,0.119768370260438,0.113829243947666,0.117132377602348,0.110061942005141,0.117570761467959,0.111503013991684,0.112311323163262,0.10867393910684,0.114041241478957,0.112232635195594,0.11863691870455
0.130886604279892,0.121567723819519,0.126095311609881,0.142733827750578,0.126987743856725,0.128985973621041,0.118205283955117,0.150907276444465,0.101426281733223,0.107469703952226,0.126510810940032,0.117961899714923,0.112153088336119,0.125246690292794,0.114105972096285,0.098519969881769,0.128700669270515,0.13399219850376,0.129888725338912,0.114384200391407,0.115049358425318,0.12499447376935,0.128082262453434,0.136369469751872,0.12346215856478,0.0983416293218878,0.0854786691205465,0.132752090539313,0.120134822631667,0.122482920088409,0.123456380835604,0.129534446600919,0.115244589679561,0.118834115242366,0.110961137512212,0.112828440214447,0.109411927969013,0.119465966854729,0.113669251527104,0.124324088718659
0.130682582141315,0.127112782169523,0.136982807485536,0.15003160809847,0.131396818615951,0.129777410280658,0.12747770203256,0.155774219507445,0.107159455310729,0.114468333915991,0.139188135667147,0.124283207140436,0.118813512389222,0.138072736965968,0.123991881807791,0.0989977237870837,0.130085745307088,0.13617655005728,0.131168836328887,0.120034991184481,0.122572856373289,0.13671419124235,0.139179805029196,0.145739548360252,0.130953509371068,0.0982335211467823,0.0863187673538493,0.144901529202383,0.129165569881605,0.125852625100713,0.133480570362571,0.140957899921159,0.121944258022622,0.120836898488109,0.110631541027172,0.114338650932895,0.111197641951553,0.125881162915093,0.116607604901463,0.13165305599534
0.12948500877882,0.133840179469633,0.14661136969623,0.158114043120898,0.137413131164113,0.130647422733484,0.137961041274522,0.159718214805819,0.116522498025113,0.122884536422642,0.151321722220746,0.133599877022185,0.127176685536193,0.149661445777559,0.134685842924846,0.100827817455449,0.132962225742155,0.138856360561439,0.132427889171801,0.127220368283708,0.130922202884821,0.147349363831466,0.148282223885702,0.154870003409057,0.138015639341738,0.0980877958712391,0.085864443989713,0.154840492608221,0.138814260416348,0.129968079301914,0.142133465658874,0.150162376910041,0.129361308238897,0.123646598113526,0.110934576967193,0.116985717909166,0.11403318769315,0.133905019599935,0.120727185404551,0.139769347344945
0.127265920357256,0.141307175557388,0.156288467591513,0.166922435476869,0.144896783829806,0.131530766065793,0.149122159538562,0.163270013651638,0.128226370764444,0.132836615720695,0.163159557997885,0.144086003052059,0.137656407841109,0.160849568079,0.146100963634393,0.102997127450992,0.136388073010207,0.142360100737059,0.133464132689368,0.134988063182722,0.139457907107706,0.156551923913807,0.157575587023623,0.164234373901655,0.145817867039951,0.0981251322203019,0.0858372481343428,0.163765701155418,0.148463017486854,0.134939744820843,0.15047867498743,0.158280259317641,0.137174745630223,0.127657096763119,0.112186570848308,0.12070655223554,0.117830450574457,0.143024363761369,0.125282738980044,0.149155745310695
0.124941477372768,0.149432348301219,0.167303398613531,0.175247171506806,0.153975298023397,0.132200130293145,0.160725571212503,0.166871150397094,0.140736094591146,0.144270391951963,0.175520460530959,0.155278975746721,0.14960600765654,0.172268481208692,0.158036089643373,0.106456229688596,0.140377167722384,0.146790859088116,0.134135045949436,0.143375107862491,0.148893474539315,0.165309825586306,0.16857407808968,0.172548783011843,0.154361650309334,0.0999700252519598,0.085757991655171,0.173900349883043,0.158989990854945,0.141599330218226,0.159178704797172,0.167610322121863,0.145712034923122,0.132853549171311,0.11439822325054,0.125422831620466,0.122243686762427,0.152244656829578,0.130763764776172,0.158068309312122
0.123141276138416,0.157452723000575,0.179943730611435,0.184177762991351,0.164438937327016,0.132775013601092,0.173706577895507,0.170467107257252,0.156129790828942,0.158585314871917,0.189641151598074,0.16923440691118,0.163667942117815,0.186435526120172,0.170782785294249,0.111206269523311,0.144714908052326,0.151139542443417,0.134514646080996,0.151927900693559,0.159845907595582,0.175409484171324,0.181199470629549,0.180759361303988,0.16256983779035,0.103540630842319,0.0866256413262204,0.188131291949867,0.171250101857834,0.149792299235074,0.168979843502382,0.17947418117671,0.15544501196308,0.139221681818927,0.117124713709554,0.130770834901383,0.126705947313669,0.160535514483663,0.13646631508471,0.166407531136992
0.121316774001932,0.164662230057405,0.195862477592632,0.193696525138774,0.175687858283645,0.133283393025993,0.1883442065893,0.173386697093292,0.175014469618908,0.175233226122053,0.20730357966744,0.185447961381243,0.178822948233312,0.205248395171148,0.184693610150868,0.117914431904327,0.149293847898528,0.154955165918473,0.13482371908554,0.160895648133906,0.172533246901235,0.187968867631686,0.196738859311369,0.188963745787028,0.169720904226885,0.107611521505913,0.0896608397581648,0.207504268432421,0.186377279586885,0.158017664500537,0.179553770590908,0.194546634529579,0.165643766682491,0.146367286254905,0.120190944517886,0.135994748562272,0.131012458786119,0.16595421940094,0.140701167734823,0.1746915093228
0.1199281464023,0.171026427186857,0.215165772429795,0.203131706863271,0.185328661598082,0.133661955036451,0.205090139310883,0.176888362978691,0.19706469358167,0.192916299812984,0.229024555931634,0.201253084683941,0.196384592151716,0.228273617839348,0.200282146892929,0.126252551033448,0.154557447360589,0.159243762256676,0.135232660773688,0.17066527123248,0.187601026966413,0.204583881884712,0.215585398478908,0.197140022123526,0.176949898777376,0.111587110920371,0.094223731368512,0.229860687904697,0.204632912513513,0.164694465424315,0.191566441809016,0.213418186248217,0.177063091011075,0.153239058561666,0.123646807236983,0.140315611058634,0.135537250586955,0.169320535398563,0.142158335287729,0.181760430196532
0.118476105191912,0.176869752335076,0.236297010963518,0.213530836760171,0.193716889751766,0.133856972200322,0.222026428970635,0.180844368457766,0.220364635563781,0.212539291656583,0.253038848812148,0.21615857363399,0.215275751539213,0.252358121836157,0.217341661840712,0.135361113169541,0.159279064364785,0.164374607127486,0.135736326285245,0.180285787821772,0.204331085472189,0.224569521273265,0.237843332245044,0.204035414501713,0.183942174433377,0.115895877360305,0.0988842746231682,0.25278439852137,0.223943770667045,0.170827084788368,0.206587378994708,0.23438737042713,0.189052262569141,0.15942025290079,0.127507197983949,0.142774286113393,0.139761417396679,0.171963244350674,0.141214507890757,0.187271570321584
0.116933140339602,0.180937996783829,0.257324557423774,0.225109262778525,0.202293799786507,0.133761015644962,0.239140560694263,0.186304700865618,0.24398147988621,0.233868266118239,0.276963918803622,0.232973922376876,0.234488706197226,0.27526182365691,0.23654957786388,0.145904649548135,0.164740916831196,0.169650429296368,0.136124476140208,0.189709718627054,0.221715041272426,0.246200636717273,0.261295682202695,0.210601184875016,0.189934996553084,0.120449252456222,0.102347563140244,0.273306054532703,0.241623399321446,0.17666189164928,0.223434321691213,0.255567772187738,0.20218654771913,0.166023983615658,0.131732524634424,0.143676180224184,0.142229924491849,0.176408196546852,0.14105314647084,0.192927212669836
0.116214525074152,0.184840645129638,0.274782765315906,0.236650422627599,0.212181461975109,0.133510498662165,0.256412449492908,0.192180689961522,0.266329738085958,0.255218582395292,0.299221496534588,0.248510960105268,0.25271618932357,0.29586413914114,0.257340520262992,0.158995971609759,0.171086744827928,0.174653740581448,0.136313432502427,0.199753188687112,0.238616790819491,0.268476486449513,0.28288252687909,0.217453152961736,0.195875703745959,0.123760400855857,0.104673887535123,0.290877770118373,0.257867549541473,0.182356633601038,0.240639725028511,0.274768271645105,0.216703857191905,0.173888744796608,0.135339696338344,0.143830726660448,0.142494759306899,0.184092221700771,0.141786192674569,0.201262514771822
0.115352954574714,0.189500511187454,0.29006004835033,0.247896628776259,0.224203318081483,0.132976766640717,0.274130098908676,0.199238330683247,0.285815853630367,0.275378034233518,0.317976143409474,0.262984601185983,0.269919980681188,0.314286369939137,0.277541697899151,0.173456794040131,0.178094288101474,0.178772043690473,0.13630559623913,0.210679899254103,0.254798955374965,0.289678915892859,0.302137472322389,0.22764345632013,0.202993909435031,0.127251023174733,0.105909687908828,0.305435409041876,0.271553008227679,0.186922602467191,0.256460802341231,0.291488307163553,0.231115886384303,0.182327776902854,0.138260815303783,0.143021032219364,0.141176055339725,0.194804199748289,0.144219501305484,0.212917638609367
0.115289166603453,0.195614518409823,0.304641634502256,0.258305310366093,0.23632667902959,0.132269916094026,0.291698544237497,0.206497504571005,0.303579540265226,0.294493671317312,0.334744686013866,0.278406395079683,0.286441242817473,0.331135134784065,0.295862837346839,0.187682266599369,0.184416345921114,0.182598152554919,0.136111689289673,0.22229526041608,0.27112303088239,0.308837631936689,0.319064893145492,0.239739144536187,0.211845267242233,0.130036610039306,0.106169557141907,0.319857138415696,0.28386589524079,0.190757398533074,0.270458413830105,0.306472783137039,0.244505147954494,0.189835297658569,0.14065458823511,0.142430344952093,0.139611748792411,0.209682621841014,0.149181771685119,0.231760222745202
0.116280244290578,0.204674190962432,0.320901937981699,0.268869296104514,0.244440460629413,0.131464727482344,0.306874931081008,0.214299932480376,0.322309039496243,0.313400677672517,0.351059431642895,0.292784935675186,0.301842051841054,0.34824523524075,0.311863886659924,0.20249880586581,0.18990016384806,0.187307034090314,0.135551715953707,0.234610972614812,0.288032511171927,0.325962829932997,0.33663956192922,0.254583503982295,0.224588891910138,0.133910976808797,0.107826761778438,0.338939879835806,0.298186048457247,0.195198899974888,0.28301843769275,0.321369780198002,0.255885585921715,0.197091888576978,0.142170344535115,0.145446097047577,0.13848607811368,0.231796092475268,0.16061610640799,0.261133161140766
0.117134407837237,0.218518852881742,0.343347860958369,0.279718527946297,0.251748440810617,0.130577892512015,0.320196892957805,0.222110387393566,0.342476508309757,0.331998205011359,0.367895274034195,0.303610475400951,0.31572274512608,0.365131550052222,0.327454233758705,0.217923771899626,0.194703526562314,0.191800600866776,0.134696850112057,0.248733759111579,0.305683508024288,0.34157600017409,0.355924845340161,0.274121945311837,0.243254288663148,0.138536657238456,0.114631519682449,0.366389227900908,0.317462059160527,0.201922205981575,0.295307207011598,0.340735579143595,0.266042186272995,0.203253079256448,0.143512507279213,0.152803842747357,0.13869131558876,0.26189759322848,0.181114140587537,0.300285799062718
0.118642920583642,0.238877469095738,0.373109037313819,0.289786761320416,0.263105417160472,0.129739884893631,0.332995693585079,0.228958170332882,0.363652284783913,0.352966452182382,0.387169534619304,0.31397296580477,0.330008041522206,0.382695996675615,0.342963327809944,0.234227986114329,0.198486378092045,0.195951910439921,0.133716747583022,0.265958290546817,0.325650559858259,0.358371171461148,0.380562034047358,0.298568589998453,0.268676406673369,0.143196665491197,0.126022793447282,0.401534829041068,0.346456781473916,0.213435216372572,0.309599828845742,0.367888990582307,0.277319396890477,0.208195174827053,0.145214337074504,0.165310425732248,0.141468776281344,0.299109613082827,0.211157894410683,0.345140399483892
0.120231768276713,0.266884496980414,0.406737912074428,0.297600152882154,0.275035101510798,0.128941868667663,0.34580449339706,0.235575089758679,0.383034299344585,0.375394944884345,0.408892145919481,0.321088619280716,0.344543932962849,0.402521769470325,0.358275356372005,0.249845580665608,0.202140029838041,0.198760507705894,0.132638082812104,0.285663880807874,0.348907249620471,0.378085097165384,0.410418136151543,0.328002190409485,0.297832369449712,0.147856424175867,0.14417274478191,0.439015375906391,0.38495679089623,0.231510875974582,0.328335950338596,0.400468268895066,0.291956316779274,0.213657342590012,0.147809753452702,0.182635174030619,0.148782736995755,0.34059562180746,0.248168920874746,0.388993845605647
0.122128208035289,0.301908991862128,0.440287497986796,0.304165843140826,0.284960645004767,0.128007134964447,0.358482397396585,0.243371593891958,0.401089140939361,0.397998589200084,0.431251851811641,0.326766142058022,0.358210061332592,0.423235015739107,0.373517354042406,0.263759243024339,0.206576106887369,0.201683946633748,0.131367815892476,0.307818191351562,0.374770114680316,0.400615181820163,0.441119751045196,0.363439982420133,0.328146665839688,0.151362989547201,0.163509593782452,0.472480548217671,0.427710764897572,0.257318807404176,0.352823945813415,0.433874092927395,0.312213751479968,0.223804102674175,0.151269688634151,0.204063057283974,0.159464945476545,0.379951452830594,0.288851600429792,0.423286647995259
0.123617315681894,0.34001635516715,0.466630616029293,0.30933370575011,0.291479924127018,0.126761333003533,0.370915217601442,0.250373604203663,0.414165407340084,0.419398599886329,0.449254582938618,0.32771888845656,0.371623081011494,0.441239595425902,0.387912266138663,0.277363214412058,0.212456853628494,0.205695354659257,0.129843440035582,0.33156581782509,0.401503692701039,0.42547205610525,0.466587452707229,0.399431378569889,0.358642170303004,0.156821753694719,0.182635014205484,0.495875224188341,0.464140907969232,0.288904457262459,0.384003108440882,0.463130864033211,0.339078843945296,0.240147192699921,0.155648121241553,0.231064662088141,0.174566391487103,0.411128993637313,0.330016071796935,0.442968425086001
0.125215597763072,0.377552140010643,0.483447417029096,0.3119601934817,0.29512750385247,0.1252903131061,0.383409070253648,0.257311368495878,0.419970153279314,0.436239120088558,0.456751360759231,0.320583147215871,0.384015988463397,0.451376510630346,0.403393099772043,0.290224772337785,0.219487312585588,0.20939437911349,0.128038587480806,0.354891670078381,0.427955598142798,0.449019868562824,0.481468458797114,0.43290941635818,0.387688440057448,0.162462080046193,0.204510760198279,0.504305762579893,0.487732046249335,0.327472127173782,0.419457031381196,0.484187424697646,0.372042989397339,0.262541127435968,0.163156689608988,0.262763106759583,0.195697151275823,0.429375836092341,0.366998635218571,0.447954404931659
0.127658754813162,0.408628132891255,0.487695693028676,0.312653907832464,0.296061489956621,0.123617320122695,0.393718318032541,0.264719426504761,0.417747792410924,0.446048652181051,0.45455336316138,0.30981021940764,0.391125311773837,0.451434824094928,0.417832298889362,0.303914647220527,0.226485378207252,0.213212542664751,0.126293298529769,0.376832881278731,0.450270257479507,0.467692844266088,0.485565209105804,0.459773206314235,0.413748937363027,0.168128798981784,0.225552805959934,0.49542304582723,0.496654248811148,0.368815270646223,0.453903690183258,0.494311485118893,0.407317110562809,0.291611341865383,0.175409211566177,0.296762589887683,0.222497697430276,0.434417923061585,0.398228982272331,0.441692254257825
0.130807606950269,0.42927081071075,0.47878548409741,0.30794314419494,0.291784374392876,0.121917205179098,0.398493275778913,0.270889428869861,0.405499118228191,0.446144053690823,0.442178488377863,0.295992165995671,0.393575411657112,0.441372281025382,0.425953349816053,0.317900063091274,0.231989754000356,0.217869582332052,0.124778282168261,0.397330942599127,0.466423065834989,0.479046424810683,0.478167673609304,0.475753274099181,0.430990572871722,0.175305013100464,0.244929691387395,0.474278398811015,0.490813743148625,0.406510121548739,0.48189777423172,0.491491901241519,0.441852112711426,0.325258961231214,0.191158349318737,0.329771942064874,0.254197999543307,0.43302735992809,0.423235249080948,0.431065326560322
0.134064475244988,0.439247645211465,0.461300052830725,0.295495768230207,0.280640839588294,0.120278809068566,0.399339515848447,0.274257043117337,0.385645924835729,0.438173327295146,0.420608288283193,0.277548607480977,0.389541241207152,0.423517257598357,0.426267903300811,0.331773763879755,0.236496872548346,0.223071690699172,0.123318873336653,0.416469115464844,0.474960452993978,0.48117508218822,0.461939184929121,0.479727496027999,0.439158410154428,0.184679291268007,0.260231262513814,0.447987152385898,0.472965080480527,0.434413653647416,0.498269821122087,0.478237417896699,0.470054901548656,0.359181008299778,0.21010178322834,0.360678990796803,0.288432309701928,0.431038283198187,0.44355121086264,0.421564860094221
0.138425812790998,0.439163322707691,0.439506313592257,0.277958808683897,0.265668009860226,0.118814103260138,0.394389511693645,0.275295543607048,0.361763973338621,0.425678831865547,0.396313292314435,0.253588970828406,0.379286831320285,0.400525639979706,0.419145239814294,0.343757286116794,0.241241168488057,0.226929935830505,0.121942665313103,0.432734745376856,0.475271238249651,0.47355022898066,0.438372152523225,0.473340082167895,0.439773146354706,0.197704348490999,0.274639633319203,0.423857052955236,0.450173412090677,0.451435498044091,0.501153423344136,0.456543542816538,0.488631428684415,0.391578213055659,0.231399549113324,0.387959235942899,0.323084651285872,0.430742201847997,0.459338442235849,0.414886295533737
0.142408361896382,0.432336364672352,0.417268232178281,0.258532270435698,0.24850392624989,0.117642464096263,0.38155677933289,0.272069565313261,0.338288410819782,0.408804666975658,0.373521095261018,0.230476697773707,0.365681311376775,0.376502395275623,0.406063240862917,0.354470924314995,0.246299660080693,0.229530620542327,0.120422537076679,0.444490880492433,0.467159979302423,0.457767697798625,0.413818831761634,0.459518815854522,0.435106846530161,0.215472884189423,0.286960367476124,0.405664168025163,0.427818219061828,0.458069610709382,0.492603685501024,0.43268523143955,0.493684963724155,0.41946380351504,0.255076120815675,0.410915960983867,0.355728213284984,0.431211223173483,0.471228842513747,0.413384595101256
0.14556094253719,0.423009781705173,0.398119776598757,0.238710030593415,0.229733072503199,0.116591797854414,0.362250054691216,0.264093635123287,0.317634114559735,0.389510245590853,0.354390828992918,0.211988058957032,0.349339788705013,0.354675912402224,0.38992817841161,0.36454265106546,0.252992214462098,0.231959939506021,0.118993983814195,0.451026503289772,0.45292798174605,0.437061964938843,0.392807587858692,0.44234664506085,0.426410260909212,0.236273815857686,0.294534267182627,0.394585748211615,0.410234709058981,0.455523727317777,0.474447569941808,0.411907595560353,0.488429938221189,0.440376306320885,0.281457229564859,0.428990288861152,0.384541542823478,0.431965739984532,0.477650677882965,0.415875874902083
0.1479508361387,0.415418841482007,0.386258482411857,0.218412697999789,0.206324450129665,0.115547922876506,0.341087663092863,0.252550804715277,0.302588574149175,0.371779980039944,0.340117325071163,0.196993934855888,0.329896574325943,0.337564820784458,0.369702416343662,0.3756945909301,0.26215182688868,0.23264869850967,0.117546429727427,0.452992304978379,0.435000267515041,0.415709002350243,0.376097990257438,0.424683261064198,0.415333462010194,0.256853552830924,0.299655957273833,0.390384063276836,0.39909013039582,0.448403342769418,0.452102014810345,0.395293164654862,0.473875656030642,0.452145058827733,0.308314927229081,0.44347039165016,0.40907784737988,0.430939634333472,0.477147207053822,0.419955850419739
0.150546030537688,0.409930445031282,0.380626374194249,0.198482079167337,0.184943017835454,0.114531167322126,0.32069996607998,0.238540774054894,0.292722510548032,0.358063072632877,0.330274207945869,0.188169225943654,0.309910801439698,0.326424627621671,0.349349851037072,0.386221360414392,0.269266913248256,0.233087227364043,0.116375401441241,0.451738816404008,0.416347037052794,0.395538216720371,0.365152057357129,0.408694476614842,0.405874886851448,0.275689695500074,0.306378590448994,0.389759956947483,0.394824158588864,0.439861215455061,0.430957484495371,0.384762170197147,0.455192937626161,0.455072691098245,0.334174420041447,0.454455600669185,0.429530644033385,0.429273287958349,0.468019290084806,0.423095631107502
0.152607869769102,0.406740002915778,0.377357757856326,0.181473707441512,0.167559344780137,0.113388749944442,0.301333467663948,0.221365630847943,0.286322307876073,0.347090924550602,0.323889582024372,0.18305806616843,0.292184567406131,0.319437401970273,0.330386729744299,0.394955827368144,0.271548770632342,0.232295304000428,0.115593453729182,0.447626674835447,0.399748098573129,0.37963251585363,0.359420864080112,0.395452302612514,0.39908971578497,0.292952353127021,0.31839380965937,0.391427315591026,0.394932008508625,0.43157172458294,0.413109315169774,0.378906893656963,0.436646232460108,0.452407108870356,0.358493096013749,0.462590027682252,0.447077039612611,0.425277047428506,0.449006133289116,0.422867000611193
0.154135940382982,0.407032047944521,0.375029157541183,0.167451200104016,0.152977412601806,0.112054718193054,0.28463746562228,0.202556217639797,0.28318370800753,0.338923786242295,0.319596405803171,0.178532639182248,0.278107237593352,0.315137589283061,0.31453159025189,0.401632413275414,0.270080640884835,0.228093675892673,0.115105404200416,0.439581883525543,0.38670903780279,0.368939356364897,0.35644605987771,0.3864558663598,0.395170720931241,0.308518483429347,0.334550594643737,0.394200559588849,0.397882306806429,0.425839571715455,0.399527983472847,0.376263410397259,0.418844609167443,0.447131900860833,0.38064422442375,0.466692818804475,0.461848234571077,0.415719894588706,0.422127238851056,0.416258367743721
0.156431102064823,0.409819437642481,0.372953598987435,0.155565844806282,0.143481247025955,0.110933233197911,0.271885821640149,0.184445307248958,0.276973495405768,0.332897238347865,0.317526183743526,0.172831792788914,0.267444115743296,0.312010439229893,0.301893661839744,0.406393451950555,0.267925719796333,0.222855436192387,0.114472842458593,0.429942121983252,0.378146272384181,0.362541068270971,0.354286516845462,0.380617758456792,0.393138620719725,0.322344302723798,0.35237902809837,0.394925693715248,0.401007460547571,0.423130377972198,0.390815932810999,0.376027947488809,0.405523753344553,0.440700769166725,0.399128405849495,0.465887315718544,0.473498324513859,0.399827488110876,0.389869872029771,0.402963805777068
0.159670395838995,0.413401258789869,0.370429681549776,0.146624607994157,0.138361299059379,0.109743212046932,0.262227086173759,0.166392142611398,0.269530202155769,0.32686406688596,0.315244199433502,0.16496660532315,0.260544590848686,0.309013041093629,0.293091656674208,0.410446116704944,0.264408070652859,0.214466194665017,0.113922669368716,0.420432955542766,0.373736367669004,0.358936173072821,0.352315799442523,0.377920046742733,0.391602345389496,0.334370056419285,0.368513155971006,0.39345360652165,0.401741641041841,0.423946660840367,0.387569753564671,0.375649577800158,0.397697179765292,0.434360880121357,0.413330031382471,0.45903223408151,0.481321922282499,0.378631506034882,0.353835936648963,0.382299149095644
0.162164331846867,0.415786003843474,0.366041412265091,0.140657188610603,0.134149824188729,0.108677554304007,0.254779341997675,0.149079452778265,0.260932339619308,0.319886689586694,0.310415178141792,0.154668396023453,0.256113892359687,0.30507729728686,0.28759470916625,0.414086776039671,0.255793307534014,0.205172831507469,0.11359221112821,0.411184613701369,0.371059920430063,0.356514687610693,0.348676482457037,0.37791815487266,0.389221184979536,0.342465840894224,0.381206495064706,0.389066094742302,0.399746031650933,0.426976847725536,0.387584449289501,0.374512625565464,0.393480434278806,0.429606131011127,0.423782038202985,0.445490027023158,0.484925921424966,0.354152150467899,0.316594194268867,0.356695890114235
0.165045750892322,0.415223340957069,0.359653962358594,0.136247497079839,0.129787970313443,0.107928997644882,0.250262096932933,0.13288622208237,0.246535608248478,0.31150532035258,0.30092064767942,0.14433430655886,0.25239382879374,0.297951428196363,0.285572325176294,0.415461602250534,0.24460353870328,0.194808511409596,0.113625267898332,0.402456953409948,0.369600391710791,0.354690326147106,0.342596212666854,0.378970488863813,0.385724227789949,0.348217656199721,0.389812772854469,0.382527338249339,0.393187539937546,0.430423884964454,0.389152574773218,0.371459759809566,0.392497896562901,0.426455824364886,0.43134829122214,0.425457868155094,0.483513245580666,0.326698061289545,0.279149445264908,0.327819240568019
0.169724622688709,0.410107833093462,0.351066304294776,0.132015526104115,0.124486117672821,0.107429139582529,0.247454570958389,0.120052310851009,0.229189791355663,0.300915798428058,0.287041081552259,0.131352462753003,0.248638682223554,0.287005313096492,0.284602082415931,0.410847936166639,0.22921690004746,0.18409049600053,0.113891936311327,0.395802710777576,0.367413706353274,0.352010203244355,0.333677564309946,0.37920535156726,0.379681732509927,0.350035213027477,0.390779176504529,0.37234984160546,0.383154272133516,0.43255026338735,0.390903475921384,0.366477208589398,0.394742500819803,0.425991375271224,0.436096454353236,0.400081603473755,0.476155892403976,0.295144507330316,0.242272906961838,0.295576698615932
0.174985410504218,0.400660179883573,0.33917880336703,0.127523584115616,0.118666630955793,0.107670965373462,0.244347978145672,0.11031063697279,0.211980836886863,0.289272768541175,0.271131126472916,0.118859801381701,0.241577239447753,0.27296648830221,0.282872461002564,0.401122179891972,0.213459422505825,0.173620475091756,0.11459821063716,0.391247040772128,0.363618595701079,0.347704427929176,0.322507543939364,0.3770479754205,0.370785482708925,0.349263182939099,0.384108358958372,0.358073015332056,0.369903349958717,0.432133767325734,0.391363610990733,0.359359875604862,0.397676338386308,0.426648295033295,0.437034624529504,0.371407797052379,0.462281482963024,0.260425647172692,0.207869056858319,0.262368846833636
0.181162297389291,0.385373554878209,0.325400990663263,0.122936009268956,0.111262137102732,0.108526612069364,0.239854004010529,0.102667641801805,0.198159567402763,0.277804218643918,0.254808147928719,0.109217511805092,0.231944835834707,0.257576843935695,0.279276707500648,0.3880066087153,0.196383437840323,0.16289720134147,0.115606209744554,0.386711188720402,0.358816945929156,0.341077483360836,0.308338532117129,0.372336736214804,0.359673981284881,0.346583689320003,0.372662861366639,0.341124132143569,0.351745410904844,0.426135017749009,0.389989595204891,0.35065682983251,0.398256467409223,0.426577760969654,0.43473967852331,0.340542125108583,0.442634137349049,0.223943134897934,0.179838593880275,0.228475003858109
0.187542087877819,0.366454034312361,0.312052139661959,0.118023275981056,0.104493846797808,0.109811763288649,0.232796448205939,0.0969240351772624,0.188221294547288,0.266897623725766,0.239641328949065,0.101579787661239,0.220474222369681,0.242466011832195,0.272034126477068,0.374660610449115,0.181778927409114,0.153591723407392,0.116403218788511,0.381948551696452,0.352346271766128,0.332400354869865,0.294778400621393,0.364884321015869,0.345720322709408,0.342297362409993,0.358537388750028,0.322294169944614,0.328817636561929,0.41392621821529,0.387343346253205,0.339893311114779,0.396521608695489,0.426069333873634,0.429156973587048,0.307997719736063,0.417395182177184,0.189523582555034,0.162999910928301,0.198977061741997
0.193866917505731,0.344712807043615,0.298979157010213,0.112561707036837,0.0983201358078672,0.111486083536379,0.222429057847342,0.0929275645015458,0.182455932387928,0.257134190362866,0.227344923192225,0.0974036696302633,0.207942274824559,0.229371275667836,0.260104160370136,0.360377751921176,0.167110490298567,0.144989567170666,0.117570435970234,0.377486833673627,0.344322713127485,0.321611162521104,0.28235843392949,0.355145342449964,0.329310904551432,0.336200572022797,0.344137311079578,0.303088762112134,0.30226556766067,0.396016422763474,0.382675034113552,0.327276942628426,0.392803527370787,0.423372806673176,0.420949352998752,0.274068479081557,0.38775193078389,0.163425598182717,0.159945071952749,0.178387670194234
0.199998059489037,0.321077581366864,0.288067232594646,0.106998912177045,0.0928017538246089,0.113502289230376,0.209596924044131,0.0901942412554716,0.179121004398372,0.248564124766964,0.218262367065552,0.0985202319958581,0.193953033169501,0.219110793274401,0.245461058058371,0.34686144636404,0.15309498636044,0.136065375578312,0.118815796318943,0.373385943653777,0.334077136744536,0.309559693508986,0.272738234849807,0.345075519300736,0.31101528953604,0.32961145458899,0.326682146457948,0.287404847767007,0.275767941097204,0.374715774420114,0.375271229684209,0.314869524868159,0.385700730526556,0.41559311023368,0.409717986151777,0.240849837818583,0.355927489748641,0.149024498683946,0.169572455465773,0.166978583877756
0.205101558282662,0.296374909471577,0.279944023949153,0.100863847667375,0.08920397105569,0.115979633190408,0.195243020219483,0.0882190915625225,0.175877190659801,0.240643826971372,0.21214398760119,0.102609131447161,0.18015285855897,0.211922678963348,0.229556974011857,0.333018701795758,0.144369023138293,0.12710482662649,0.120013801222691,0.368243818059114,0.322591891319052,0.296797035188856,0.266731359099418,0.333312690570417,0.293040388612662,0.323327167035046,0.309244502198105,0.277114962587237,0.255763067794978,0.349920779216972,0.366392880061501,0.302640012372212,0.3764058609776,0.402880099530561,0.395311196791418,0.210439424615978,0.323915000803997,0.145358262914374,0.189242846600579,0.163249497948922
0.209912490180747,0.270970955234099,0.274406519396501,0.0951845482938921,0.0883499987931644,0.118943715189467,0.18078373184335,0.0865476906434872,0.171548513481508,0.233647601586782,0.208251803763216,0.109438398870812,0.16834055478373,0.206873630673915,0.214549832544932,0.321675485306452,0.138090096869608,0.118858486998917,0.121183683570333,0.360828640027016,0.312193000581494,0.284153277418598,0.26354194031254,0.321388493590922,0.276666345624175,0.317200479337077,0.293139093510413,0.27145606766157,0.24591966042887,0.322271961197831,0.356366741259995,0.292285857065148,0.364585854715222,0.386994367903714,0.378999066574122,0.18434919467503,0.292464283880125,0.150937546969886,0.213201115835471,0.163111031205587
0.213238491408049,0.243837735318858,0.271517428832743,0.0904036939324705,0.0893935335415367,0.122230475007697,0.166624894270616,0.0851949111788262,0.16714340032513,0.228896619488703,0.206145090958806,0.118639110147468,0.159211012191333,0.203559247718582,0.201067532757003,0.313588497382193,0.13288282238412,0.111331885885662,0.122450442867475,0.351298403059195,0.301698742697131,0.273397608500013,0.259407785679379,0.309255819906269,0.262878982711104,0.310070604391831,0.279275306109227,0.270001242404,0.246661567216547,0.293039327099596,0.342921967305036,0.283845790131654,0.347828583487612,0.367764432252727,0.360007186094629,0.165519250841214,0.261676370137587,0.163259257767064,0.236770083010038,0.163812362117395
0.214901165337666,0.216455933124938,0.269790798241679,0.0870441628038949,0.0916368898662921,0.125589569866053,0.154301310045193,0.0836751492794704,0.164109421252184,0.224087023413662,0.204220833014809,0.12967491422133,0.153045875382869,0.200787136662253,0.189707977462643,0.307977718691113,0.128795806790954,0.105067911668755,0.123372479884478,0.339098491347968,0.291617173799565,0.265535546315224,0.253304253262783,0.296019700587356,0.248793255799059,0.300859885066035,0.266454448119878,0.271967166145338,0.255746619103136,0.262241379695396,0.326758565149388,0.277376678957209,0.327903577754095,0.344982495931281,0.338953085562083,0.156772679386174,0.231640871635317,0.179034396560051,0.257503338302044,0.16333409435778
0.216347958051543,0.193357896883196,0.266421011346305,0.0856711790593969,0.0952753363718579,0.128746850689584,0.145554883209959,0.0821312141114902,0.164187555828423,0.22100733096164,0.200188193881239,0.140784374534552,0.149673980115366,0.198263341735139,0.181183015743608,0.304566573785045,0.126237108747101,0.100320923363667,0.123915097128633,0.325354305205383,0.283148177608397,0.259700968668829,0.244758154912445,0.281910032863996,0.235112031420497,0.290079697075076,0.254906423177842,0.275794024641564,0.268126637864289,0.231233410791951,0.310188183554078,0.270990150208835,0.3057883066525,0.318051394980111,0.316107866300225,0.158109859445443,0.203796351622006,0.194744777916526,0.272109589195275,0.161145743036404
0.217625347084885,0.177028659124898,0.261436391617836,0.0856430035310071,0.100198017017297,0.131812728453338,0.139331672268036,0.080919184644976,0.168603897668728,0.219874297505505,0.194491440037788,0.149039846339504,0.148571548699578,0.196156001894756,0.175737809993443,0.302365772302968,0.124671572303753,0.0976138426640203,0.124445046688224,0.310780751426494,0.274496882567488,0.255267563660884,0.234477775953936,0.267224537159728,0.223322072595545,0.277942531717164,0.24414852590071,0.280083279567026,0.277510085866725,0.204391579751045,0.294791824242626,0.264749801925093,0.283167961467438,0.288857548409108,0.292058840736827,0.168174127251086,0.18046006180958,0.207600276110871,0.27895464321134,0.156373348701315
0.217070390223529,0.167348453713465,0.255176178622692,0.0866039323969286,0.105771078258601,0.135163979738461,0.135665374030138,0.0804271010165343,0.174986756794567,0.219924382984073,0.18998167314067,0.159239049955329,0.149819300979123,0.19480741366946,0.172908626948021,0.301182213045988,0.123645121028364,0.0961622922813124,0.125203760478259,0.295603073269292,0.266319307933657,0.250823229539648,0.224545049679954,0.253810818566254,0.213440989280075,0.265061512140342,0.234298958961117,0.283145333554805,0.280976978420883,0.184971116028801,0.280822943879625,0.259684730671369,0.262279329848148,0.258962916297382,0.267850114903249,0.183662071506188,0.16413630018535,0.215115715516822,0.277404032334263,0.149481150615913
0.214653869529718,0.163672201494492,0.249177851592436,0.0881097513496432,0.111569184665078,0.137845721202021,0.133078393363186,0.0805684357536692,0.182764400348993,0.221158681614642,0.18979772533261,0.171329712731594,0.153882304533643,0.195204663464861,0.172541577924965,0.301200916779915,0.122340990841909,0.095533281709323,0.1259139363786,0.278683720506015,0.259313729559412,0.245978508449123,0.219138101995121,0.243479107276477,0.206784033205473,0.251621323721922,0.225805178949638,0.283850283686144,0.278089654094264,0.173680844526721,0.269514853498779,0.255401404256917,0.246902974212995,0.231718449491949,0.243656491225272,0.201173177214083,0.156996239028665,0.21517272848194,0.268909425106089,0.141751384823133
0.210740534530282,0.163633718705857,0.243220656667026,0.0899404946174175,0.117431728177288,0.139449878382554,0.130952624288129,0.0814540529713688,0.189935413329049,0.222911754586831,0.195311086885297,0.183176738380814,0.16032902636102,0.19878158018712,0.173279386627345,0.300111272958398,0.120360731461781,0.0957088883394311,0.126277365277106,0.260091700216558,0.253975896567966,0.239038746636126,0.220804813068148,0.235343403465925,0.201436457460648,0.239305613085805,0.217824074579895,0.281861040601105,0.270135021088169,0.169076251386525,0.26272356541691,0.252024074089029,0.239013900359308,0.208384059302271,0.22181856532158,0.218273919768776,0.159146971138519,0.208728737038673,0.256222942889077,0.135445254987638
0.206657342343971,0.164458840941126,0.236922427221591,0.0921122753070604,0.124255254309425,0.139988603453663,0.128263594352046,0.0832699827653945,0.193496338909894,0.223755990336374,0.205948774079099,0.194609142221437,0.168619539591192,0.205709480516545,0.173697521495245,0.297122769445837,0.11780805735218,0.0966872394180125,0.125529831268164,0.242040167453701,0.248983714806688,0.231358657930231,0.228769982888787,0.2303923532289,0.196582858816365,0.227211358293704,0.20849427213145,0.277052165458233,0.25892890624683,0.168813869596014,0.259488730773682,0.249689127119998,0.239127244976264,0.189083117681937,0.203174726758698,0.233657638481355,0.168815572561198,0.198518586859905,0.242404768473927,0.133237646270886
0.197326604342501,0.164802950548354,0.230487823436634,0.095115059462882,0.131942260987132,0.139340578581804,0.125200011120118,0.0859914110026755,0.194194710282239,0.223676786855084,0.219170588901282,0.205744179589472,0.178269974560326,0.214224568106019,0.17564578901442,0.293677465911078,0.114364055683673,0.097725233992224,0.123883011885953,0.224760537046642,0.245747571558592,0.224949562935803,0.240217227532384,0.227669059559871,0.192438424440109,0.213181605145059,0.197556772764578,0.269466822394447,0.243792236658959,0.170797406191158,0.258993048611987,0.248399259813243,0.244649041446589,0.176368755101916,0.188441336428057,0.245536510797336,0.183885529864469,0.187570430070327,0.227716799751577,0.135817666337822
0.187636995522611,0.16341197100727,0.223872472068092,0.0992550101207444,0.140826027475893,0.137919330560779,0.122553930894774,0.0894083469043874,0.1938548708424,0.222315666738437,0.231590288733633,0.21700315724286,0.18911201388376,0.223817671025586,0.18034230526089,0.288372133639358,0.110067314536176,0.099321704331063,0.121822419043454,0.209957663511844,0.245094284364979,0.221348290984594,0.250291470443472,0.226094231666617,0.187132680423069,0.200164039616153,0.185487894394576,0.25944218050224,0.224874833555682,0.172903681425496,0.260237928216037,0.247210294045302,0.252843788369896,0.170560367019375,0.177430592647706,0.251848090531595,0.201668654315409,0.177627831051978,0.211132642269731,0.142314480707443
0.180574518165246,0.16087181250467,0.216819033449679,0.103967246992259,0.151384636488296,0.13610003769411,0.121487025294434,0.0935247269616402,0.193977017989146,0.220786920325407,0.240228953171087,0.229216217815192,0.200478352477403,0.2331128585742,0.187584719277693,0.278638874349385,0.105958360391977,0.101979578025976,0.119720744247858,0.198191214943199,0.247460799346802,0.222471282176866,0.255519109538674,0.224975119124211,0.179598042410362,0.190525527775104,0.17116331749936,0.246447377111916,0.203304631936246,0.173277823343134,0.262438345217462,0.24582476374547,0.261089659539035,0.169633916039173,0.170272332986594,0.252451422185006,0.220310177240166,0.168730563990498,0.190981112323529,0.149886954081642
0.173604029053118,0.157450437267733,0.209686666587326,0.109542645660606,0.164077757517167,0.1331999188728,0.122306801619519,0.0980734269086459,0.195656696740377,0.218745980332842,0.244052852342166,0.24354737277423,0.2112035385826,0.239861819861057,0.197927208786222,0.266859861870958,0.102171098478276,0.105153813325994,0.117562114664564,0.19105562806398,0.251612232745887,0.229165082811862,0.255320453750331,0.224434639492876,0.170903914118195,0.18194237589889,0.155919228330255,0.230419887308856,0.181115348261005,0.171006214465102,0.264478399585956,0.243586450599564,0.267179827607605,0.171259037885623,0.16591191291187,0.248062692491961,0.237275344122808,0.162178610643098,0.167983673080539,0.15453919275963
0.168744052385707,0.152852720084772,0.202378118777483,0.1162234203557,0.179242924935542,0.129484293448802,0.125338460114845,0.103067607561632,0.199153545314673,0.216806659015855,0.243559381099682,0.260357812122083,0.220719750524855,0.244157993063264,0.211067847087833,0.25394265354032,0.0998039004622376,0.10841486201264,0.11500974716209,0.189359407443555,0.255902084536202,0.23948335283188,0.252685441213998,0.22272203349386,0.160169985687564,0.172876293714246,0.141748876818508,0.211366576718795,0.158625089807559,0.166331408969835,0.265109894232526,0.240465211951682,0.268932321012807,0.173639774588554,0.164777512971796,0.239989977952379,0.251198961580923,0.15715861255103,0.145286468796109,0.153997577165193
0.165193077836254,0.14663395445495,0.193724456310374,0.124077748892804,0.197761318352599,0.124760495582032,0.131488988500765,0.108340720754596,0.203915483329132,0.214955191909971,0.240971576687598,0.277902938413824,0.229798916277772,0.245615141094716,0.225507860213086,0.241898264733822,0.0989658143805064,0.112492803666194,0.112489146164031,0.191205311477929,0.258888604783762,0.250230115566731,0.249443583081189,0.219598375152,0.146964732846226,0.16352072801357,0.129173960112535,0.190386541376599,0.136856391313692,0.159471426914991,0.263447900113879,0.236497984485069,0.265744318402707,0.17488980380425,0.165219010495605,0.229354580102454,0.261295893358229,0.152975690657332,0.127346267687246,0.149377940711256
0.163033101929749,0.140125905084538,0.184144688685888,0.133047448952384,0.219794526740785,0.119654322104027,0.140330209139799,0.113625280971109,0.208452394956359,0.212699917265889,0.238159947449854,0.294200140153709,0.237299125765644,0.245409026238999,0.239359292190723,0.230205357763365,0.100172853289427,0.117074575871994,0.109780548623718,0.195790024294787,0.25985368944341,0.258674327506825,0.245862153975587,0.214362522450725,0.131838370084353,0.153911875263479,0.119778453068846,0.170032755673919,0.117200667776557,0.15097535669838,0.259466131673641,0.231763323650838,0.257992463656499,0.174635839446957,0.167097880891893,0.21665968625783,0.266226768096355,0.148389768772745,0.11644702491085,0.143401033081137
0.163314324158483,0.134525077545413,0.174521309473715,0.143331446396481,0.2446238823977,0.11425588818356,0.150014301111956,0.118610111027357,0.212066294186823,0.209486511154641,0.235967507133575,0.307990924433447,0.242914481233529,0.244681129893596,0.250949847718885,0.218817839021311,0.104084200894315,0.122140127821996,0.107026200992413,0.201638455239253,0.259393200913931,0.2634909005278,0.242150032644132,0.206185770359131,0.117097790934607,0.145514700188952,0.113044742830222,0.152897511084782,0.101402273646775,0.141952620486414,0.253790027286979,0.22586749622087,0.246417207554343,0.172313254394711,0.169678597705849,0.202909395302404,0.266295731877413,0.143756327281889,0.11201474642879,0.141840367750149
0.166346374579509,0.131646368337242,0.164884239941325,0.155703136634582,0.269040376048364,0.10847579411921,0.15738979039522,0.123307248352869,0.212456201481,0.20548985825566,0.234519592182756,0.316578416216969,0.246700535042383,0.243314697320967,0.258097903242006,0.209326631817407,0.110607555619838,0.127798358903295,0.104239724848278,0.206101094360213,0.257086348648084,0.264814553511255,0.237728591674214,0.194489660949362,0.105369698313701,0.139115558646579,0.109119877202899,0.14079390139646,0.0914217490065293,0.133537337277561,0.246408781700626,0.218547699202389,0.232349961776826,0.167954928662064,0.17343586672287,0.188517028693396,0.262085373114009,0.138853891640109,0.111945615047917,0.149592042872782
0.171888676361968,0.133067614781974,0.156761767412976,0.17095585351997,0.290097918264118,0.102101097142398,0.163050696755861,0.127336221511263,0.210287131824974,0.200955525384202,0.233464735218947,0.319893999610139,0.249499679094108,0.241640214363051,0.2608138085176,0.201734182092149,0.119867808879609,0.134497605349818,0.101543986554813,0.208040378409539,0.254373217269784,0.263115666195224,0.231446512466031,0.180852175462376,0.0978120621442915,0.135173632467238,0.110993667239682,0.133230306628375,0.0884670066297721,0.12731827650781,0.237778368504648,0.20899273743671,0.214962453331322,0.161862747015813,0.17791283507248,0.173567685575265,0.254607313073563,0.133974217047311,0.114153167391054,0.169203684778538
0.177835749707915,0.13885394768074,0.151010376981073,0.189105046595289,0.306514391094224,0.0955858637103559,0.16718505929554,0.130227035456573,0.207178432575454,0.195715482141975,0.231693562593803,0.316801108940821,0.252184391185325,0.239446294919299,0.261515724992068,0.195744036830214,0.131947753019729,0.142336442686342,0.0992259227945383,0.207323756857453,0.2514465236705,0.260382158070377,0.222239985295847,0.165742979849799,0.0926878867863735,0.133566811558617,0.117494032253339,0.12908160263461,0.0907508609180001,0.12460642518891,0.228253947857884,0.196758189892985,0.194410652000493,0.153673521021368,0.182613317337555,0.158510281111864,0.245207932072449,0.13098211684315,0.117905863235261,0.200093428905776
0.185610990828912,0.147559500201583,0.14827426507901,0.209054969701109,0.317318007339413,0.0890729956514631,0.170470884442075,0.131474161031101,0.204830055560698,0.189303823018823,0.228442953703671,0.307351015770804,0.255112898785179,0.236486953644472,0.262422840099357,0.192062394214814,0.147067507741072,0.150719858784842,0.0970597552439516,0.203187141522756,0.246967740207233,0.257842977787884,0.208121121096602,0.149425583273383,0.0890621701161159,0.13318992487367,0.12587149722578,0.127338014995286,0.0944826164358462,0.125655341076159,0.217210302110935,0.183151350384005,0.172454598933463,0.143369833876246,0.186334211040607,0.14473367847607,0.23454123354706,0.130002368840944,0.123131309006022,0.237240799067165
0.194755394850258,0.155563188726694,0.147491733744175,0.230074157349109,0.322447677518725,0.0827101246309599,0.174526595719863,0.13217937106971,0.203464879852966,0.182101285448701,0.222614597855117,0.293070909918972,0.257689653338652,0.232184834198364,0.264225427009121,0.189128465393594,0.164910404789545,0.159024514539212,0.0949954248119105,0.195585423384732,0.239976156825112,0.255058357092422,0.190064413088112,0.132362679636682,0.0864947562545578,0.13543911120721,0.130983390017432,0.128063405796149,0.0976546571251083,0.129608901326313,0.204140221026203,0.169352320881064,0.150289028433477,0.131204228997624,0.189571119874318,0.133597101328568,0.223185009885659,0.130752775219781,0.130638307594267,0.273656153487717
0.206852420130829,0.160137170730499,0.147900771898069,0.252231492024751,0.323235074591786,0.0765358630155443,0.180514095291314,0.133840885504422,0.202895485155579,0.174238477584683,0.213307788284819,0.274443475887484,0.260226216680648,0.225988228906995,0.266863909407822,0.187432966365547,0.185648065069781,0.167502291611188,0.0929600233169678,0.185339960922228,0.229299582034878,0.25154934393113,0.170293439271013,0.11601320829697,0.0867772752238388,0.138037259611526,0.133755490833605,0.130801699338651,0.100494164646588,0.135261533101537,0.188511564128297,0.157346700802522,0.129989854554248,0.11808728841098,0.191578965099025,0.125182222309705,0.210609574506786,0.13251089346289,0.140735826132178,0.303941008160158
0.219812371008369,0.159789891923427,0.149002357824097,0.273936009986578,0.320283451853516,0.0706957200111549,0.18905819582059,0.13784754295253,0.201064972399118,0.165989410339617,0.201503316066513,0.253998605083577,0.262511121689496,0.217865058961675,0.269680553323042,0.188051417107566,0.207897301011217,0.175485806699207,0.0909218994514078,0.172331058823993,0.214368714985153,0.246514509535244,0.150731964453814,0.10242794294938,0.0873832024889099,0.141261665194876,0.134285879189112,0.134836224103385,0.104535173780426,0.141490206267531,0.171102891956377,0.148053748230606,0.11300311785834,0.105379387242097,0.192674518634661,0.120146704719408,0.196547115951572,0.135771092268183,0.154770705654483,0.325220323348024
0.232906874728775,0.155196862036693,0.15080076695305,0.293057643970357,0.314804500418093,0.0653153114454966,0.200724446747035,0.14552789012157,0.197251965412503,0.157537408719033,0.188385735717951,0.234932731651739,0.264255478680852,0.208739555919534,0.271723949622785,0.191645571808777,0.23008046694493,0.182306918560207,0.0888242308103294,0.155568432341454,0.19561427409028,0.23905655357739,0.134965999987457,0.091529124042123,0.087510419652542,0.145929011643448,0.134416666200258,0.139659378529451,0.111134025747484,0.146696126496573,0.153794160058163,0.14176298198185,0.0996683574860019,0.0942318108765646,0.192431420594583,0.117199160855149,0.180498786649952,0.140845586677016,0.172139659242013,0.335655497786931
0.245640563481547,0.148480405740706,0.153921613999839,0.308394482346059,0.307493693450051,0.0603782668960636,0.21453909517638,0.158550689151719,0.192282337006568,0.148489112845355,0.176421806517458,0.219091098347748,0.265365141048781,0.199433798607209,0.272543745013663,0.197253450570177,0.250707817605143,0.187567426172844,0.0866062210762101,0.134360015799358,0.173833034210998,0.227785441686007,0.125146182364488,0.0832577171465059,0.0866322485727803,0.151513994344538,0.134426456835504,0.145914859428521,0.120934655102568,0.150069947178754,0.138570735878021,0.139085425323424,0.0895537690372711,0.0855643414396275,0.189658580691682,0.115643616973373,0.162833606766057,0.146028161710647,0.191245186713433,0.336815731648146
0.256748067742684,0.141892050633691,0.159139119447959,0.3196675953627,0.300104852302571,0.0559178823737821,0.22890135413227,0.177308435587048,0.18724799765825,0.139738349270529,0.167676896300857,0.206666962842904,0.265230696919173,0.190015591556258,0.271905624289649,0.20500365968867,0.269524032816767,0.191995070443912,0.0844325429914896,0.110331477088522,0.151370696167788,0.212317152001805,0.121091195750648,0.0779456875207099,0.0852846744518006,0.15696714349287,0.13517325629369,0.154815918757334,0.133917314818312,0.151495524266044,0.126992128117522,0.139320739659856,0.0832923945279553,0.0801744660812101,0.185101282392621,0.113721681629869,0.144045373953197,0.150237800838574,0.210233028351901,0.328622972864882
0.268503291119455,0.139189464562299,0.166557406073624,0.327906352343917,0.293554996256162,0.0520079956179545,0.242576081432701,0.200511899313286,0.184124522038104,0.131967536569577,0.16182522582746,0.19722146244374,0.26360563205782,0.180848096162878,0.270343055099517,0.214305164395947,0.285463821940269,0.196370198062692,0.0821485655495758,0.0882018141392885,0.130143996495397,0.193328881490656,0.120040703114661,0.0745660510737019,0.0842841654338746,0.163637967167784,0.139699611490873,0.166637373984929,0.148951885418908,0.15191927513421,0.119706823936358,0.14052367033373,0.0809904252147636,0.0772014295729419,0.179433944473875,0.111046381293832,0.126366893648578,0.152360436112387,0.225961858651172,0.313333660295769
0.280813771474839,0.144107728416491,0.176513578985265,0.332963548514547,0.288170780548798,0.0486614248837261,0.254312347579439,0.225005797265378,0.183994873288927,0.1256683886259,0.157577458795173,0.189351093572043,0.260363249688139,0.171834627791053,0.268178427170788,0.224350108456137,0.296762816364447,0.200533451100576,0.0798008076606792,0.0725328038663858,0.111989153328013,0.172316435643855,0.118098509994803,0.0734966806051041,0.0843302676970299,0.172178107277638,0.143825929578922,0.180282884715365,0.163992766295652,0.152036888630996,0.116493981324234,0.141252998996442,0.0822414351475824,0.07389946063588,0.173203147612096,0.107524942049069,0.112467750250944,0.151444759866038,0.236306346930415,0.294296803129472
0.290422626672099,0.159187935780951,0.188607113606836,0.334159665111928,0.283421555241405,0.0459412205921323,0.26306033690165,0.248928828632187,0.188627162192571,0.12214203860335,0.153159532151215,0.182398744566221,0.255109788945223,0.16207698107308,0.265491282894103,0.234533200014357,0.303041521761053,0.204716439061368,0.0774560236818425,0.069924391237973,0.100784530497083,0.151466859943603,0.112199325842202,0.0750675890531418,0.0871375286536253,0.179492186525175,0.150504647189093,0.194758356891371,0.17924680200869,0.153637652321837,0.116526421051819,0.13999779845189,0.0870298578034869,0.0707301587890684,0.16724171222695,0.103048269116528,0.10442925724542,0.149875584879688,0.241017397544635,0.275736936021685
0.297907742352389,0.184544745306014,0.202109348629001,0.332083671832168,0.279615804747497,0.0438481804413993,0.268145759957917,0.27085811369427,0.197393985105341,0.121714169732733,0.147102819845154,0.175758730354261,0.247586682158403,0.151093784983284,0.261482352740437,0.242806725129464,0.304164676409029,0.208671738747468,0.0751015073183424,0.082133731566037,0.0994865696057562,0.133294370873373,0.102769256574075,0.078194225878968,0.0889911448313699,0.184743438609257,0.161391533159598,0.210559978623696,0.19453037153979,0.157646006927329,0.118449004971614,0.136391767366696,0.095817022295706,0.069646134720166,0.161884074538528,0.0978053234560375,0.101784535343756,0.149781621242936,0.242415994824486,0.260886989544244
0.303079717881531,0.217253043621821,0.216994354315903,0.328255638609584,0.276020561821588,0.0424032413034076,0.269994778827022,0.289984209241732,0.209034949932141,0.124329891464163,0.137685498467434,0.169107419883719,0.23788373616756,0.138713361969201,0.254324493558876,0.247758523924825,0.301535087252334,0.212017799538769,0.0727473870171708,0.108920134596891,0.107871661117523,0.120565317432476,0.0946479579421868,0.0826247289900041,0.0887361938316485,0.187286221139777,0.17651311038789,0.227329355590791,0.209336211188069,0.165107155181981,0.121582903524586,0.132201514268822,0.106745729364484,0.0704491774138228,0.156885149456912,0.092468457847981,0.102910284343515,0.151886025173067,0.243049926037237,0.24956296478435
0.30642795772837,0.252624553611252,0.233265016794432,0.323668194403619,0.271780658640504,0.0417027664353344,0.269527417421844,0.305784942902856,0.224435044674325,0.128611233200876,0.125155986433197,0.163349961056825,0.226350033093019,0.127245441548984,0.242406724658357,0.249068236527589,0.295684598271974,0.214818580757005,0.0702601458092194,0.145008456826704,0.122219786448294,0.115704266847298,0.0924403930248637,0.0887357909206496,0.0880886105753911,0.186822963580544,0.194896963930052,0.244579897943163,0.223018617902591,0.175745268453341,0.124495024094408,0.129525296543828,0.118170332685509,0.0722156109686676,0.151999546626184,0.0871995288711442,0.106056873977734,0.155117794681445,0.243818556205261,0.244099899441744
0.30668080715145,0.285217590661919,0.250452124639492,0.318736178241539,0.266946080334814,0.0416985574606113,0.268191744823672,0.318531207906437,0.241314986652749,0.132669419821889,0.112286867223968,0.158518913341103,0.213534874538332,0.118222462276775,0.225783056210396,0.247254884409901,0.288424931103928,0.216736635471167,0.0676700394815434,0.183629415304154,0.14014507857756,0.121240857121886,0.099005299666535,0.0960187012020697,0.0894755343321367,0.185949228322825,0.212224147402866,0.261495120206416,0.235604680331617,0.189431263378258,0.125911882150028,0.13083737941381,0.126940391029239,0.0823826240992215,0.145888760961852,0.0824036753146413,0.109305602361952,0.161190205967581,0.247148912536725,0.24643432664393
0.307114650378989,0.312293417768935,0.268142771184943,0.313413473042243,0.261274928867197,0.0423810791391995,0.266673591848914,0.328504828851381,0.257398264765856,0.136582403818245,0.102021868989546,0.154556659437527,0.200422851854356,0.11228913231102,0.205711201332072,0.242233148709759,0.28107633759455,0.217568631753002,0.0652035739068017,0.220974848064339,0.159177442703243,0.136028068135627,0.113361718220456,0.102648593137987,0.100012287163714,0.185416037715824,0.226552043442233,0.27698718541688,0.247672078291458,0.204184428469213,0.126043737198061,0.136752824608298,0.13202358666988,0.105667919793307,0.13788891133859,0.0779943394253865,0.110849583955352,0.169685520703532,0.2541170600944,0.253852336784544
0.303943572831765,0.33222968021589,0.285611965072536,0.307869825012772,0.255222509500438,0.0438442755094936,0.265283020190239,0.335912383078951,0.272603977946535,0.140401715382635,0.0963789879072106,0.152313953139478,0.187520672522227,0.109387786978525,0.183831260648564,0.234997826115058,0.273236216259024,0.217510546803088,0.0629336869870584,0.251851975825192,0.176346349615561,0.156174604581955,0.132824780505668,0.108470625379715,0.121948987835813,0.184222718924395,0.234852230328847,0.291297522654168,0.259159734131548,0.21760049933649,0.124017251389792,0.144821884361573,0.133359650002645,0.14175481019004,0.127940521569113,0.0743750049421692,0.110114553949082,0.177200779792507,0.264305016358794,0.262176277271076
0.295256439910124,0.343254256136444,0.302640324837205,0.302594619141723,0.248605750320039,0.0459569211835659,0.263625010793855,0.341048367965813,0.286456364646987,0.143142230451324,0.095501657657055,0.152385878993985,0.174920332350299,0.108870227097064,0.162587261630232,0.225751524407379,0.264837384685268,0.216371145025495,0.0609346948751398,0.273649737565074,0.189231712412488,0.176686330943898,0.152891299334475,0.113875225976628,0.149034034387325,0.181036827120611,0.24072270916605,0.304839107597838,0.269391720491843,0.229516813051907,0.120195408585997,0.152227894077357,0.130600425654739,0.18898392434049,0.11732491235032,0.0718267369978736,0.106872656180912,0.186108711116861,0.27496927452359,0.270155763188392
0.284696346061771,0.345845874486225,0.319090160662702,0.298283851509898,0.241285425537763,0.0486829639630336,0.261195018382302,0.344237196525975,0.299759989154522,0.145443865679383,0.0991115026623015,0.156709933376218,0.162969947799845,0.110465212563323,0.146122118788716,0.215537528869451,0.257069453993257,0.214489247565092,0.0591431586210305,0.288081850274077,0.198176208626839,0.193148776649502,0.167378754497438,0.118012975059364,0.176202755878212,0.176618000798746,0.24531595104863,0.316241259836576,0.279823683631337,0.240276675880113,0.115849317437702,0.157556457479554,0.124557315667427,0.240811520819623,0.106323137975494,0.0715772869988731,0.101737241791929,0.198337159548848,0.285079463577855,0.274421153777464
0.273850793452071,0.340988419860301,0.33489004866607,0.295159364531972,0.233730844209402,0.0519382686050791,0.258142764294798,0.345356468879146,0.312206629315663,0.147979298565513,0.10611089468633,0.166519755151711,0.151097595273795,0.112910367948435,0.137706915482846,0.204505071646408,0.25057178042599,0.212505692320155,0.0578591375590981,0.297485429143983,0.204204661318037,0.20697064070218,0.172843301153227,0.119948349465568,0.200470228409409,0.171920107970413,0.243556485876634,0.322843231157307,0.290550112827121,0.248985452455214,0.112675253164283,0.162134574980874,0.116579891019937,0.291949514111667,0.0962056770025999,0.0752749945726293,0.095909660351245,0.212842726467113,0.297540721690222,0.274700739868366
0.261261611517394,0.330852852612348,0.347899961420128,0.293395091862282,0.225244045677997,0.0557110339976973,0.255275301524501,0.34414490636646,0.320307705093433,0.151580147792692,0.114243701390506,0.181617759078661,0.140290093932824,0.115300632891779,0.135986498346597,0.190730630215107,0.245885337170199,0.211009585096683,0.0570955431435563,0.304493770814612,0.20919976993087,0.223034459770059,0.169358008000272,0.118780608583495,0.21990054377962,0.16548018568616,0.237810591508114,0.321895141093134,0.299756160945065,0.25434864995971,0.111912747852268,0.167084742419136,0.111595570325221,0.337211979867955,0.0885595019815684,0.0851859936263174,0.0896938582788072,0.228144801881072,0.319102861844567,0.274226770939957
0.247797137630281,0.317843756959848,0.355272124962072,0.292797968730225,0.216065502233422,0.0599913270273068,0.253707257381793,0.340706917402501,0.319075459776791,0.155442221597531,0.120773922959643,0.199884946292144,0.130227551415573,0.117131230033964,0.138541697910943,0.173018545649274,0.242438063864154,0.210151917622987,0.0566915192313719,0.309939608011825,0.213061781583959,0.240790706708512,0.158786183256396,0.117906247273945,0.235173838181444,0.156277636910388,0.232588082254869,0.313780192234188,0.305294594783541,0.255540475597881,0.115546677283031,0.174710319306031,0.113735378822448,0.376066203910632,0.0840887680703235,0.102391899927402,0.0831174954807364,0.242786263108388,0.352648470203823,0.279388290313122
0.232525458092569,0.303837484823654,0.355889249140377,0.292633507337017,0.207293333900175,0.0644890198407367,0.254464898131138,0.334814075841283,0.303002295107636,0.160052099796758,0.125316491121655,0.216187142266164,0.121384629905131,0.118796748458608,0.144456386479426,0.153884988586998,0.240145212914273,0.209598989070105,0.0565605241935388,0.312099094793689,0.215080424572074,0.2556492652023,0.144607360954146,0.1181318473927,0.247692217596404,0.14444348948981,0.227687084173756,0.300952477278894,0.304379718227041,0.253300185232785,0.124493167548896,0.18487341333026,0.126816727792499,0.406820414150034,0.0832395981181405,0.126595346094898,0.0763624491265422,0.256118338547054,0.396205743813176,0.285653255502413
0.211999036182025,0.290494566365924,0.350741781344586,0.292276486125812,0.200099807406852,0.0691139944215637,0.257764542116353,0.327305759407961,0.272723683589024,0.164831468642074,0.128738053765364,0.224092020813317,0.114346948594601,0.120736860921993,0.153632935594557,0.139078739651172,0.236813945496293,0.209690268144019,0.0568309244127049,0.307315849979444,0.214860126821109,0.26603332469547,0.131106913598391,0.117851775480027,0.258125858452633,0.130973138195134,0.221921742585072,0.285751148245629,0.296391917045438,0.249451687674288,0.136355838149808,0.195410282184748,0.15235056394259,0.426863056378523,0.0845230688760692,0.157185930212196,0.0699038164932813,0.26871958829767,0.441637709885853,0.281068403088367
0.184812289223656,0.277253617788711,0.339247250078742,0.289826772266509,0.191970449950067,0.0737725257308959,0.263769071853699,0.319954263258043,0.231704321389446,0.169104767978784,0.132419422689272,0.218272897808679,0.109545828934073,0.12382407956524,0.164285866008854,0.127721408295415,0.231452968054501,0.210253691648686,0.0574409932572188,0.295121778102033,0.214251319712743,0.271254600610077,0.121526567486781,0.120186422540349,0.264424441413963,0.117712167605908,0.21661417270689,0.269921107387426,0.282378688736322,0.24533357788453,0.148724974431603,0.205599320065973,0.189631352178555,0.436877458053301,0.0872482306241851,0.192426583285253,0.0645484869939352,0.283157362573184,0.482419734357716,0.27273408643586
0.156591316539468,0.265868195053612,0.320984920152304,0.285744215113584,0.179955863883568,0.0782476114019915,0.272638835572781,0.313822447081895,0.190399997524389,0.171297596483479,0.136457417169536,0.19655085681413,0.107515411310404,0.12961017738358,0.176121803500466,0.124889776661467,0.223206406035598,0.211719999397119,0.0585743313035666,0.281626562760916,0.21290332832277,0.269609019910814,0.117942701863759,0.126582343308819,0.265509883399782,0.108464897977881,0.212050853000745,0.254900286012482,0.262443661691927,0.241212298643444,0.160099202201223,0.216794403528074,0.232056260650924,0.43712100360719,0.0918911752685622,0.22997994400229,0.061047104232227,0.295902441711611,0.518042204026625,0.266978516487373
0.13182397550591,0.258043156424266,0.297111587083463,0.280268457616043,0.166918564436336,0.082394797156096,0.283140965520685,0.30898409620354,0.160392332798364,0.17090386394476,0.141993198497244,0.167553470727644,0.108189345582271,0.140084866974962,0.187974578523313,0.132261613074779,0.211261782499943,0.214038546058681,0.0602907020985752,0.272962154094885,0.210211956122833,0.264561945361947,0.122629888263129,0.13709784677603,0.260959438249564,0.107497450580207,0.209873320550042,0.244130202572935,0.237803906279516,0.238424559847557,0.170957419009629,0.228465431218005,0.273685242432405,0.429129664057545,0.0991931471129932,0.265171413100201,0.0595329618222828,0.302820699915185,0.543201181870928,0.259390407996207
0.113298328077586,0.254069362666651,0.271940052094552,0.274125186218408,0.157851277108456,0.0860121763294851,0.292643645423393,0.305849966134042,0.142896258887136,0.166425775327589,0.15238588818666,0.143312766520592,0.110999670552622,0.156071751585257,0.195667860763685,0.146284506143632,0.195771988348831,0.21659695440623,0.0625683894452873,0.270185937784742,0.207642554527291,0.259075243901774,0.135681579872127,0.149449777085861,0.251670730634566,0.113432925367365,0.209018611436298,0.239475610145594,0.214345520309083,0.2367614705899,0.182330596938666,0.235109570215045,0.30950264447535,0.413540818560388,0.110618308259451,0.295551135210117,0.0592392185440938,0.305902441268844,0.549610280073195,0.249987506260879
0.102492909664435,0.25355173541234,0.247969491067211,0.267206267776427,0.158471925700547,0.0890879375507177,0.29911273991354,0.304027180068225,0.128147689469171,0.160247906526814,0.168034300930104,0.133723461388312,0.117069718419128,0.176022274696839,0.19925490813438,0.163067816991339,0.178769309678416,0.219011774431243,0.0653160298322535,0.269431229782832,0.207516191244813,0.253442768737096,0.155128153964954,0.160768356024636,0.24038489091201,0.122443341252881,0.209849968946121,0.237358840371599,0.199778868387644,0.236208357593906,0.19452932065671,0.235152421595389,0.336546375062661,0.393919988811033,0.125563005089743,0.320438164887109,0.0601750043174505,0.305422110999877,0.535755589243792,0.240811745269588
0.0999503627450372,0.255770837107827,0.227050158269996,0.259461024521399,0.167911371040887,0.0919768457794553,0.302770643765844,0.303107050410784,0.117480950817229,0.152327414630221,0.188359317092127,0.14192703508903,0.127039323346058,0.19703635591934,0.198101783552146,0.176427027895758,0.161850816951362,0.221736341632118,0.0684323734843114,0.266577146260706,0.210441575520851,0.246111765092781,0.177309217754485,0.168311741349106,0.230752942911567,0.129476858950497,0.215932555068649,0.233298944038249,0.199618991410925,0.235343120398273,0.205925150642866,0.229403387540548,0.351024124095645,0.371620970362267,0.14400898738704,0.337202207204807,0.063235550461782,0.298072042278662,0.504733574323226,0.233495125444944
0.0977683747629389,0.261099223884512,0.209719658507853,0.249166495448831,0.182946293632962,0.0948090639532738,0.303315978431487,0.301510040554626,0.111719935631784,0.139491761402028,0.214492591396719,0.153883337277568,0.140401139721867,0.217104526493044,0.193893333379362,0.181006575128813,0.146331520245448,0.22420625148027,0.0715879414990797,0.256897829513692,0.215439890232685,0.238745569429808,0.19594300753232,0.170197049346162,0.230866000359046,0.133439834875266,0.230639831569316,0.225383742077241,0.207799400400203,0.231942146536713,0.216976253751174,0.219861176232927,0.348892457847761,0.346163002297571,0.165489807630457,0.343107108046727,0.07121365024654,0.286342619541879,0.461203506845945,0.224085836245464
0.0909212038544816,0.268651264941644,0.195615223607511,0.236379227303729,0.200263628025413,0.0973238267737031,0.299886949583332,0.297689482802459,0.110669684995835,0.121546218415061,0.246195577310189,0.159157819871235,0.156535096931849,0.235773568224862,0.190941205704739,0.17552223839388,0.134444604769793,0.226646054787943,0.0744305623552362,0.240208657466776,0.215359543233788,0.235742369743396,0.210988296848612,0.166790654751351,0.241402101445352,0.135173364320528,0.248167306823362,0.217867500925159,0.213217769096414,0.225389174914885,0.230465321144506,0.214672669774103,0.33061538678007,0.315776984626231,0.189941826631597,0.339760923914456,0.0858480391998089,0.271301102243775,0.412413773043452,0.211238822693219
0.0905364912135686,0.273189747875688,0.182553507942077,0.222229022644951,0.21545751086477,0.0992914486628515,0.294513610155924,0.291825945134851,0.11395946800577,0.102506415797186,0.278487110131822,0.150494991101688,0.172027728353752,0.252823171237067,0.190357130572437,0.165158603836936,0.125886078639413,0.228574808583484,0.0768862847327702,0.223286757690192,0.21190328297598,0.234075970034381,0.220981218593715,0.157615350593798,0.256003930134198,0.131291561426987,0.260273804668739,0.212361626764756,0.219187635321303,0.217876400730771,0.247457999565152,0.21896285431225,0.303133073528409,0.282098380871673,0.216471390779017,0.329349708634679,0.108382757547225,0.253269042597888,0.359193496632682,0.199841778371806
0.0919239523069355,0.270763811621784,0.173613751664158,0.207819767109414,0.225419529763265,0.10052235235679,0.287115302359013,0.283213678127123,0.122675474297453,0.09069791306462,0.310348526441898,0.136110600554184,0.181849677052072,0.266574859453507,0.185755418352763,0.151226704054833,0.117927728258829,0.225230818624403,0.0787597604768264,0.209118685590026,0.202838027975155,0.229829700153934,0.222322966991436,0.146025257568608,0.266133273096525,0.125088773492516,0.268861379060689,0.201776063413132,0.22002545601276,0.210789057724555,0.266169749907086,0.225437315409166,0.273089448674718,0.243376916084627,0.243709443588947,0.315271278422762,0.136933945733709,0.228771747044863,0.302383485654881,0.184266655326981
