HAL7,HAL8,HAL9,HAL10,HAL11,HAL12,HAL13,HAL14,HAL15,HAL16,HAL17,HAL18,HAL19,HAL20,HAL21,HAL22,HAL23,HAL24,HAL25,HAL26,HAL27,HAL28,HAL29,HAL30,HAL31,HAL32,HAL33,HAL34,HAL35,HAL36,HAL37,HAL38,HAL39,HAL40,HAL41,HAL42,HAL43,HAL44,HAL45,HAL46
0.800036991790729,0.701184201057045,0.705203646702656,0.716602953919602,0.723930843793841,0.982429484890906,0.708752424534002,0.768340393240916,0.705528840838525,0.700342636146348,0.704867059853447,0.717826907323245,0.718663500327546,0.705758726505693,0.705799858724721,0.71378981296183,0.747836208414501,0.757930438441549,0.903223024922537,0.707784560147561,0.704229090959942,0.704941869269628,0.703419245933319,0.704979496413077,0.706874818018386,0.706793295066508,0.694923104330481,0.706298621454132,0.70786853417776,0.702295322816882,0.702242470808028,0.704047544131392,0.710140371145886,0.709374347890789,0.700786966312609,0.70306331512642,0.69976016401849,0.705447679359726,0.700147431410792,0.70080602518409
0.798547025949293,0.700783312620347,0.702502362019734,0.71090372888919,0.718082793510521,0.993640985157525,0.705100374995726,0.764223098784714,0.701329456451466,0.698062272332829,0.701318602266324,0.709735673226414,0.71326343589316,0.702183550906607,0.702099288244394,0.709496616823184,0.741425913579826,0.752386227062882,0.906863096683374,0.70465744212608,0.70281750019232,0.701910391065244,0.701621534960987,0.703277924589116,0.704214621444583,0.699591098896461,0.688355421203291,0.705089378415025,0.706605070141014,0.701348730129701,0.700896517952772,0.70120677358278,0.709027782288643,0.708828979017744,0.700577575029314,0.702354875809591,0.699284957897317,0.704136404639441,0.699677165187059,0.699567250215283
0.800607663921365,0.700621942384843,0.701127681307488,0.706420601383531,0.713216025948603,1.00245265118393,0.702572533733394,0.761021436617463,0.698623949356153,0.697013846340765,0.698991699405464,0.704668595093538,0.708885988488342,0.699527165367632,0.699959831680885,0.707090728525344,0.736012490050082,0.747023907670652,0.909752434873527,0.702250972651234,0.701258333442533,0.700940728695697,0.701025118212925,0.702707151729966,0.702231860347805,0.693000338704716,0.682273412185237,0.704555051632153,0.705887610916985,0.701174345200207,0.700832721727216,0.700131690530717,0.708562934973015,0.708129073167221,0.700254180045514,0.70106608532132,0.698518555329109,0.701027026037777,0.698565370572185,0.698275586157761
0.805658894793075,0.700602675939902,0.701030488065684,0.70294227348711,0.709589103689839,1.00972894813951,0.700805838574967,0.75752936803069,0.697861808493218,0.696269830683007,0.697333255296145,0.700672410501582,0.705735469290833,0.697952079455106,0.6985920680041,0.705540425220724,0.730991065025391,0.742298703210569,0.912297292871723,0.70091461058773,0.700221214239493,0.700427096590345,0.701572228538969,0.702850748037303,0.700332002842598,0.687713347683603,0.677081904603742,0.704797560697423,0.7059138215035,0.701617235103947,0.701197328992054,0.699814803724294,0.70808341782467,0.707391702124892,0.699871856674996,0.699655707243282,0.697304578251406,0.697595783678272,0.697618114887801,0.698090149929006
0.812158943001834,0.701093703260907,0.701247747441685,0.700649252990241,0.707658949256521,1.01460111856961,0.699406636046609,0.753197160670853,0.697328421627432,0.696208348427802,0.6966008080047,0.699028425646606,0.704060224819778,0.697754403448993,0.697918613257315,0.704153851898054,0.726217242671135,0.737086703197441,0.914274273185635,0.700655748159011,0.700422628936992,0.699988655782025,0.702299318928772,0.703678604622977,0.699391722576408,0.684194334998327,0.673297169890076,0.704951125048366,0.707474241213825,0.702241955135957,0.702668273648485,0.700710339524601,0.707836741453716,0.706357650338514,0.699727470281927,0.698637522794272,0.695889680322069,0.694787354651715,0.696611171004884,0.698676359525641
0.81872714249652,0.701472165981821,0.701050051396618,0.699153904601571,0.706787259926896,1.01651357305669,0.698318171212546,0.749033841586624,0.696394149653013,0.69591480261242,0.695733447759733,0.699429949435958,0.703423775088227,0.697953732376897,0.697491531755389,0.702649737824861,0.722836073128334,0.732505251301758,0.915566754161967,0.701172367028948,0.701382221009475,0.69911697106981,0.703178313272337,0.704819702065316,0.698526510718224,0.682337129499,0.671472126377508,0.704780820508243,0.708458468464957,0.703032802521591,0.704613249905467,0.701576356591522,0.708012352934772,0.705306009087067,0.699854048758437,0.697828932445619,0.694976479207577,0.691842392739953,0.69521138040563,0.698651034625811
0.824072750004706,0.701547506379098,0.700210458757594,0.697971241811427,0.705989539511794,1.01586186505435,0.696823986678463,0.745488384050245,0.693588485654707,0.695662732500304,0.69379596752842,0.700369915021293,0.702394040680287,0.69621390947944,0.697359486456593,0.701883893446234,0.720686247747754,0.729224962145605,0.915945001826149,0.701644509568766,0.701680162366314,0.696378502037391,0.703397148210175,0.705191656016648,0.697625995409535,0.681909679503247,0.671466183963243,0.703885603887294,0.707830778603168,0.704134655721967,0.70645128816595,0.700332810405442,0.708084113707992,0.704624594051089,0.699172513802861,0.69705041326384,0.694285895846755,0.688368030665149,0.693609186162738,0.697379735159969
0.829165111641975,0.70142439725236,0.697964835655534,0.696725402024429,0.704306058447902,1.01269784822163,0.693167684385494,0.742681733537755,0.687917555007338,0.694400764866464,0.688812344588988,0.699912336752911,0.699746731101389,0.692093742701249,0.695329634088353,0.700951568828878,0.719268757047318,0.727091154856904,0.915493223851309,0.701604443372633,0.700261354540074,0.692848687184796,0.702267788098613,0.703990049733783,0.696020156458604,0.682289155319817,0.673349083680529,0.701562244102224,0.706058559596474,0.704688150073868,0.707053203219571,0.696897210569548,0.70737044182758,0.703630090529307,0.698816453519923,0.696069250030852,0.693125820785853,0.684775973644755,0.691577102668281,0.695102344995429
0.833965843944996,0.70104720697219,0.694319405444588,0.693732922091575,0.701132217774218,1.00722283433836,0.687121537019508,0.73993319080187,0.680598023411347,0.691661454618781,0.681046663606716,0.697507982210962,0.694238940149506,0.686288793780605,0.690545508001561,0.698793997413266,0.718030255077948,0.725686407587149,0.914292396980511,0.701236082115106,0.698034324402243,0.68738851302217,0.699875300882193,0.701702939904148,0.694169631459201,0.682567500644947,0.675866344083252,0.69918068126518,0.703940622623731,0.704288728297473,0.705814395374419,0.693249391859677,0.706495966078716,0.702637992286843,0.698756767595444,0.694688352369048,0.691181340955918,0.680348449577636,0.688410753894828,0.691372848568382
0.836923660820294,0.69927594008334,0.690891132264072,0.688358183519009,0.69672147286238,0.999695298270712,0.67883192871572,0.735881579203148,0.67279293085737,0.68803268992233,0.672162480570608,0.693406995035398,0.685645759637285,0.678955185056658,0.683594921836731,0.694968856079532,0.715805477355364,0.723967168937219,0.912046444650306,0.699918860036616,0.69558736480195,0.681594480273751,0.697362543830524,0.699201129959363,0.692552519663528,0.682516230045718,0.678054194335974,0.696856479691767,0.702202405347136,0.703373589077361,0.703554952282239,0.690313368932864,0.705054713763517,0.702278974265203,0.698019903274157,0.692268201780409,0.688374199649289,0.673898446576985,0.683466120603695,0.685535311720538
0.839476744922204,0.696173824925906,0.688578883636916,0.681160994552727,0.690969408688909,0.9900314756558,0.669405443517389,0.730717182628469,0.666382344541125,0.685449281690476,0.664631615259609,0.688060238659681,0.67492573132574,0.67166129321038,0.67604511362663,0.689959970042518,0.712459420196399,0.721085679851925,0.908703587746595,0.697796913135052,0.693270055077246,0.677268889876515,0.694813110927247,0.697391495021523,0.690203409106608,0.681499775953019,0.679550572510396,0.693868169091121,0.701169844229491,0.701833957772239,0.702824320219429,0.688411841225513,0.704174912400864,0.701655237461896,0.696604376218463,0.688865461639267,0.684654903181623,0.665206133398413,0.677372585386809,0.677748530357683
0.840194851609733,0.692117057464764,0.687906327225434,0.674083356359291,0.684008845280762,0.978679757804642,0.661061532532645,0.724269972935909,0.661966591270379,0.684121258129378,0.659285500808695,0.681568875361294,0.663946288366017,0.666264491145879,0.668710680525115,0.684305421000149,0.708086787958402,0.716885760746716,0.904569083814639,0.695252234320744,0.692567050089113,0.673186786847433,0.694001874868054,0.697058446960961,0.686968364455288,0.679388655587418,0.67933963171687,0.691558304007579,0.700136747578028,0.699483002893353,0.702739089690577,0.687448975204242,0.704441349109648,0.700348653336184,0.69405344637551,0.684839798999786,0.679691819647022,0.655649181965181,0.670123529650895,0.668331784920795
0.837295262411007,0.686568807256409,0.687334863446929,0.667804091966776,0.676300279894156,0.966154951640873,0.654521343702781,0.717027031978348,0.660687172228023,0.68402439287572,0.657244749425363,0.673930863371892,0.655031143019834,0.663139719172253,0.662415805341726,0.678361995118562,0.703136976804778,0.711441680252211,0.89994226787269,0.692414935053124,0.69273248875667,0.670472424327058,0.69421580776527,0.697054969579135,0.682912997681557,0.676424521731709,0.677851511781395,0.689272744663565,0.696543615023311,0.696393196933408,0.702185182405141,0.687510317959966,0.70395676873787,0.698116618807964,0.690818759443253,0.681016832692079,0.673598183328269,0.645290103122492,0.661898100736436,0.657362815940559
0.833177751342494,0.679184774595433,0.686041021700129,0.662831605825806,0.670406754516851,0.952972041371394,0.650510624878459,0.709839222841028,0.66273008501961,0.685391864287573,0.659421987967744,0.666269143649554,0.649717208382168,0.661569609693232,0.65745196509405,0.672429357566534,0.6976984840027,0.70468637675529,0.895324658219774,0.688392480141839,0.691077065262986,0.66948896701354,0.693392851422479,0.695957891019668,0.677764683025934,0.673669313576397,0.675470227905997,0.687544500651091,0.690346299432486,0.692422194682206,0.700608522443365,0.686248404749349,0.703268407610569,0.695677552141979,0.686424195806967,0.676505985533423,0.667229489548202,0.634602249666594,0.652487739746752,0.64429793495004
0.826484286237997,0.669835567654409,0.68473491962505,0.660208185263279,0.665731338109239,0.939378835732693,0.650096719574672,0.703065998626336,0.666805650931581,0.686179661711723,0.664055329093981,0.660011577756814,0.648087196909446,0.662520535056292,0.654717981021561,0.667022519910505,0.691728973882821,0.697884015108243,0.890778805957762,0.683426427695048,0.688194676789675,0.669388336955751,0.689984839862124,0.692702307805595,0.671759853448767,0.670907068115145,0.673465143145256,0.684986116822353,0.680893419530365,0.687206811642658,0.697673099496078,0.684109458547498,0.701270029851219,0.692344265934157,0.680770807101925,0.670454759722939,0.660486966954699,0.623503429292722,0.641916382867464,0.62972539190978
0.816574597722,0.659226899797558,0.682701767654167,0.659647805944196,0.662627179837152,0.925727423451373,0.652438432389365,0.696344415255384,0.670902466311708,0.685309971192872,0.669130086296517,0.656382622602683,0.648868504660807,0.665073029487834,0.654750410466258,0.662271978639963,0.685717685386724,0.691641458784619,0.886361263781881,0.677540418001063,0.682859801436617,0.66974338948942,0.683668261042355,0.686370670518457,0.664656760459426,0.667522170856911,0.671133963638596,0.681411882147613,0.667870065228037,0.680029559801541,0.692892658549435,0.681791408805271,0.698943141768127,0.687225470677644,0.674364994764075,0.662946932936338,0.653294192635226,0.612400238851607,0.630588451328534,0.614289018733633
0.805109387469205,0.646884277875729,0.679538735748945,0.660372830973341,0.661906344764214,0.911833997362581,0.657252341724451,0.689809186192956,0.673778917006653,0.681980550525612,0.674015274222092,0.655471092247486,0.651278749586029,0.667041779400792,0.656659406788516,0.658385235303062,0.679909846551866,0.685474424567129,0.881611629569167,0.670059517152797,0.675170003643885,0.669953872160929,0.674954030146855,0.676665407565446,0.655899361833629,0.662894497314001,0.668573231768192,0.676545591218576,0.652542659746141,0.671416954453304,0.685113259302132,0.678105105979396,0.69533288216448,0.680192755864861,0.667924997412948,0.654686760488576,0.645377442679048,0.601075736422941,0.618349736340475,0.599647548080614
0.792671207129662,0.633728323011732,0.675060375874809,0.662573522715043,0.662638162637794,0.898042443496833,0.662758753698151,0.683156395646821,0.674213922977688,0.678425505638357,0.677145050972768,0.655265160158848,0.654705929278708,0.668043746665476,0.65986242560346,0.655688650473292,0.673671536186607,0.679140549503282,0.876454848843233,0.660943543959868,0.665840439010105,0.668674854548762,0.664384501862491,0.663443059909373,0.646114935863445,0.657050262316785,0.665699691016241,0.669500172369626,0.636959410660227,0.661096513286698,0.675833034055809,0.673947665707614,0.690922792632137,0.671688645943265,0.660710485521875,0.646275995350734,0.636799760147263,0.590251442492326,0.606769235059575,0.587251734349638
0.782441816008691,0.620307983282356,0.669594540804953,0.665058405133102,0.66455573254665,0.884905200600323,0.667672946809006,0.677477086942097,0.673654027875536,0.675067668010514,0.677545073323229,0.657453660704684,0.658799067958004,0.669330760854341,0.66415778783651,0.653885535830676,0.667213003522218,0.673726853486907,0.870950163497719,0.650689662872088,0.655288256421836,0.666167129729212,0.654354143265212,0.648073888978702,0.635025477671621,0.650214584281451,0.66116748150259,0.661295791904936,0.622871605880043,0.649778913999532,0.666534746033589,0.669315418812166,0.685447229309267,0.661792211277618,0.652391225305318,0.63688657604177,0.627640893349472,0.580895858200816,0.596332010594136,0.57763151918234
0.771468329493295,0.607973740243893,0.663969092701334,0.668577222282414,0.666505559685163,0.87199644530519,0.672304843709564,0.672005745431878,0.672519009834361,0.671364730556448,0.675464408857015,0.661872153187373,0.66232573079355,0.669682232044721,0.668052122583496,0.653149141456865,0.661915983703458,0.669426739557181,0.8652899784668,0.639977257169699,0.645200245435966,0.663453005254731,0.645743804831429,0.633404593221551,0.622838617390505,0.642837032059547,0.655488324604365,0.653278059843695,0.61022290976372,0.637518308469282,0.657618246600071,0.662818469686561,0.678151781026288,0.650720225661401,0.643636185676845,0.626135973105173,0.618407717927471,0.57387229847404,0.587005873854185,0.570775440002354
0.759118342277277,0.59702878989471,0.657744985330944,0.673494143011165,0.668942002402368,0.859358004599871,0.675578972379945,0.667140506710043,0.66850154355066,0.667482506504061,0.672138303272715,0.666984436725153,0.665564440244109,0.668073562956648,0.67117377326368,0.653580766197886,0.657698066995165,0.666279701852485,0.860530716647397,0.629005604902744,0.63604570672327,0.660000100719898,0.638359735879687,0.620838696697844,0.610925829530436,0.634186938675861,0.649711487283809,0.645304764988763,0.599773648930961,0.624699166333766,0.648681934250257,0.656489570705633,0.669575962401975,0.638938676014822,0.634344748822553,0.615152432754379,0.609443020431019,0.569573957529697,0.579339315660308,0.567090705393102
0.748956413636345,0.587511327303031,0.650620055222349,0.678362514659726,0.673128868264371,0.846949078062572,0.676710937411259,0.664054795397339,0.660452003561858,0.663436496974915,0.665848953143779,0.671900864506016,0.668986645798561,0.664775961895673,0.672584885086418,0.65486814151421,0.655673392813303,0.663676234425651,0.856191046884923,0.618163375551829,0.627616499047634,0.655283542385236,0.630989936826853,0.610332000410782,0.60011944414259,0.625610137007973,0.643571266965495,0.636820771833735,0.590671515178289,0.612281357130498,0.640831738051811,0.650031996078102,0.660206503619903,0.627183788877227,0.624858442573672,0.604405307835386,0.600987974864501,0.567451681019105,0.574020879808909,0.566388160672623
0.740569592625248,0.579667868306756,0.642471487362426,0.68056217124144,0.678520210322618,0.83524500845897,0.67520614158249,0.662634240711367,0.650895974004122,0.65830353258585,0.657924084183843,0.676986321432991,0.672177630520239,0.659412026616932,0.672767092772017,0.656415901938632,0.654560122948003,0.661430760606776,0.851771378786089,0.608229775883264,0.620221711030505,0.649212284237104,0.623329827780187,0.602286610885503,0.59094956131441,0.616728195732839,0.637307649368348,0.62772437900059,0.581987311519568,0.600926508499592,0.634046228881121,0.642155946640766,0.650975285991854,0.615332774942428,0.615975814565177,0.59448991419677,0.593494838237437,0.567512222866204,0.571489269593262,0.568354048989718
0.733977619064187,0.573755276168958,0.634508932831479,0.68233774339654,0.68397007176875,0.824041336436952,0.671489588371567,0.663045103504307,0.644372609399613,0.651362062615251,0.649736738470589,0.682081254231227,0.675062358170081,0.652777882660938,0.671640584450527,0.657257028904716,0.65501432742796,0.66162807775645,0.847540064871092,0.598689526770153,0.613094340486035,0.642150815661216,0.615660488222404,0.595427058117224,0.583036220239089,0.607612527721614,0.629886015904808,0.620466423821016,0.575041888742302,0.591056158250586,0.6284651495549,0.634158322663568,0.642126162895786,0.604647276401942,0.607676178027694,0.586353730794326,0.586841609981603,0.570085577165339,0.571183060378864,0.572916418440679
0.729470449028733,0.570110828044498,0.627875387981283,0.684126781796124,0.690729361870773,0.813083461223637,0.666188318565482,0.664890402321583,0.6421550400799,0.642241058681295,0.643725075887975,0.687228908902146,0.675489068041764,0.645916477961554,0.668003487397461,0.658061790489133,0.656480194588239,0.663932053522202,0.843253348621874,0.589848087808967,0.606573204213796,0.634822180060785,0.609304367037703,0.589892808957487,0.57634353901617,0.598842495234632,0.622498764710542,0.615163034082909,0.570518915051411,0.583143393846882,0.623818796806226,0.627860721740502,0.633480500212321,0.595325578848976,0.599400185871429,0.579687583392077,0.58111151470246,0.574949826137161,0.572982738387834,0.579201579653353
0.726546504316433,0.568396363827196,0.62361230500364,0.686051249957358,0.698222550022451,0.802096567593603,0.661052129992322,0.667412679085167,0.644466691024932,0.632808926653333,0.642196764926957,0.69387164931903,0.674439653812076,0.640444700841098,0.661970692429219,0.658397929184603,0.658698414963978,0.666314854229676,0.838781038159105,0.581811828499263,0.60241337401942,0.62805993057304,0.604974094173977,0.584880439934489,0.571069051451362,0.59140750754583,0.615842879005995,0.612311624791773,0.568833652085517,0.577046760998943,0.61909424348086,0.624195031203851,0.626085629963158,0.586850238606165,0.591541544950826,0.57490461089443,0.576504043427257,0.581430870186939,0.576764117831364,0.586797794349155
0.725247213301893,0.568303541528968,0.622076018675784,0.689052950499468,0.708644890716507,0.791617102923125,0.657161872098768,0.670864576381993,0.649816366797866,0.625160810680885,0.645777744603825,0.702983804535133,0.673447433055316,0.638138520805971,0.65459030754341,0.658522679665518,0.661776557116896,0.668948180651483,0.834055612195819,0.575102018775496,0.601062540179558,0.624859734435024,0.604301386880482,0.580771816002843,0.567537411962813,0.586029245253255,0.609472196520463,0.612091224779917,0.570640614775032,0.572899474017162,0.614757479986014,0.623881477013465,0.619593182536223,0.580437152683849,0.58600775210105,0.572031371000389,0.57316515874295,0.588955327276173,0.58156649956009,0.59491558052254
0.725188480848914,0.569956624616,0.623421656091581,0.693946804910269,0.720690070698553,0.781335270060564,0.656181073357681,0.675817329743352,0.655598668713259,0.62138416497373,0.65237210516709,0.714747263286014,0.674001138920555,0.639637845782034,0.648218622701721,0.658056587583079,0.667035068874012,0.673178127441235,0.829819949973238,0.569760149277404,0.602865204665301,0.626513949134073,0.608124961953783,0.578772399203727,0.566467269472576,0.583022390213767,0.6034398587365,0.614926136887616,0.575931683786713,0.570046295493457,0.612522103732553,0.626176657990756,0.612639665564642,0.575842316643218,0.582759316342731,0.571356767700146,0.571311920446696,0.595784679174032,0.586688643392096,0.602600538843635
0.725793850921952,0.573202814629284,0.627578469648141,0.700074393374082,0.733655237501335,0.77140141075725,0.659139577964582,0.682796559830776,0.659101136968611,0.622077230596421,0.659772214336883,0.729195022512192,0.677282198493269,0.64393787380049,0.644257616991678,0.657108817257068,0.672875371549196,0.678868469805612,0.825605996225498,0.566506967876657,0.608948458749765,0.631663408105678,0.615857194448877,0.580232971357144,0.567290840824133,0.580973164151589,0.597219992275111,0.621966572912181,0.585015573708128,0.567865781237311,0.613028482375614,0.631162981660061,0.60612999411287,0.573109064087018,0.580633593695025,0.572520000529314,0.570767806199376,0.601923891853725,0.591359982379769,0.609267891429769
0.727905526642186,0.578308120790461,0.632708227461571,0.708093814362964,0.747247288446915,0.762066154384367,0.665294421980185,0.691230961834997,0.659019775951162,0.626813631059329,0.664809341744632,0.745382992388995,0.683255117433382,0.649343724610158,0.643040904193074,0.65570830087423,0.679049711493853,0.685897574940631,0.821190138414263,0.565105614691717,0.617349788592781,0.638311060138907,0.625878724357175,0.586139553631691,0.56966624990509,0.579811758879546,0.59147100042223,0.631608134337364,0.598016155589592,0.567371196474363,0.615382923844662,0.636790410689937,0.601675017011378,0.570834662640665,0.578522786891821,0.575940643323485,0.571472284203022,0.607152444255085,0.595174258977474,0.613825262516334
0.730917805192773,0.585209555837836,0.637666502581706,0.717691770903641,0.762030185500402,0.753387560066916,0.673636378538066,0.700538237143682,0.655964913162664,0.633357079078234,0.666259762429482,0.762636788893845,0.69148440967861,0.65410491327115,0.64492863178254,0.655132925047135,0.686322425670136,0.69330341947838,0.816331371397593,0.565164992917563,0.626346934604451,0.644305829555862,0.635660424571512,0.595917383784356,0.573161425594551,0.579431593065243,0.585840162599884,0.640518663459887,0.612208450357038,0.567900374556093,0.620149616572501,0.641901308561311,0.599322927195694,0.569713324341617,0.577951723172624,0.580856762211201,0.573464206370968,0.610848092204966,0.597704641616782,0.615299978019419
0.7357719127624,0.592768934946661,0.642664471402051,0.727780374584233,0.77594069076439,0.745358202692773,0.680653973463056,0.710100584824548,0.651543071772517,0.640036748229824,0.664465986257214,0.775821328665645,0.701299541563491,0.657117403651846,0.649250536480874,0.654957925818512,0.694746333560853,0.701525072672835,0.811904989632268,0.56650364532548,0.635466070508311,0.648502449934114,0.644451967282637,0.607887618870564,0.578627441710255,0.580168687724995,0.580222538407416,0.649029635398554,0.626011980268014,0.570441350252763,0.626569205105912,0.645985768199812,0.597952132146145,0.570280194080016,0.578682996815166,0.586013481636727,0.576835161852004,0.610731535278908,0.597648485100682,0.613440118827648
0.741257431888417,0.600096612552629,0.64756587725897,0.736696469281542,0.785448792769717,0.738278822919674,0.685604540567483,0.720058710734153,0.647728516632564,0.645111334807225,0.660306123796217,0.784606917735189,0.710356744515127,0.657970767236277,0.654900097419451,0.6562804943645,0.704245684921137,0.710488719304471,0.807844266059317,0.568889535587739,0.644442610065136,0.650933849598168,0.651063497259541,0.620358515052208,0.585485571670368,0.581921164146258,0.575788896667913,0.656268576500336,0.637524396896787,0.574474258268476,0.633451231124489,0.648661998228397,0.597484357683572,0.572876687358887,0.580572469330027,0.591179766469137,0.580977374570986,0.606931120257527,0.594597714509398,0.608451762449357
0.746339102283896,0.606358339381646,0.65130884948642,0.742790237456956,0.792162583229944,0.732223247385021,0.686891556788058,0.730400784927572,0.646518800620101,0.647555199194797,0.655145394540409,0.786399860185118,0.717463740017376,0.657467582462708,0.660378982965073,0.65909021233277,0.714449785940644,0.719827928212504,0.80370444548909,0.572239357579385,0.652453594656021,0.652547006193283,0.656741701511383,0.632692585225066,0.593584729142478,0.584465119485619,0.572700055102801,0.66304638821431,0.645748426065468,0.579935328162781,0.640371137618971,0.651515825839429,0.599945249532463,0.577963563781791,0.583238175538395,0.596069407667534,0.58588726861217,0.600912385919726,0.589581366019647,0.601605462161358
0.75049509885814,0.611077706643715,0.654552976462425,0.746245539586496,0.794165908559728,0.726806094412886,0.684513637471054,0.741251611319719,0.647556596071635,0.647703789011589,0.65096453816517,0.778320920971943,0.720526394375508,0.656227169841433,0.664192170535228,0.663485069951905,0.725820163218095,0.728589878878917,0.799684423468173,0.576458881870408,0.659605991440805,0.654086193697609,0.661425732610366,0.643906410393846,0.601927606246512,0.587350981160872,0.57127716056841,0.669656417082545,0.650144961387534,0.587413158403289,0.645939999746189,0.653983608629924,0.607064508787586,0.586133123603603,0.586597630333005,0.599994236838591,0.590827926195329,0.593875800527345,0.582949075205254,0.594285167181867
0.754699790814746,0.614277617545633,0.657941050667065,0.747623923121323,0.789753995160078,0.722432220381457,0.678359937758561,0.752214002128555,0.649923556003036,0.647970279755626,0.649137441075544,0.760951786513084,0.718601299826836,0.65524123151044,0.666249516066074,0.668887999570184,0.737325660488844,0.737974890517106,0.795143989105875,0.581610576344489,0.666551575528594,0.656401821401056,0.66538467770124,0.653347822553374,0.609283762249463,0.590697336918725,0.570969456364359,0.675533215427983,0.650078213908071,0.596064589847198,0.650104771563986,0.656783655007264,0.616828727766342,0.595828167600224,0.590326697781047,0.602109579503684,0.595810326991923,0.586460678007131,0.575757623550451,0.586698587489324
0.757897871317216,0.615155967214981,0.661153544236937,0.745402709907261,0.780679181056702,0.719260004857517,0.670656594242743,0.762112577371931,0.652959617530197,0.649624014737823,0.649117079115693,0.738387626927617,0.712204942559509,0.654575804744697,0.665803553692388,0.67421160971933,0.749066435249113,0.747533041735322,0.790646584309634,0.587823700224507,0.672434767787316,0.659412680913255,0.669597809977332,0.660640233649978,0.616569605156912,0.594006225352647,0.571149843852246,0.680019232511471,0.646609611422198,0.60467872198769,0.653220981549752,0.660254381336107,0.627873386117945,0.605053126041669,0.594009397584255,0.601757561890731,0.599772330827028,0.580393801756393,0.569092284736063,0.580333309224578
0.761678389211669,0.614012264095092,0.663771260440567,0.739215634764708,0.767323574901643,0.717337493972527,0.663446346847922,0.770513051584844,0.65476939528966,0.653550127242532,0.650132920701178,0.715758971171528,0.702138860503909,0.654832611206703,0.66328474327886,0.678870310157958,0.761102161013132,0.754959284641873,0.786226711160045,0.594724879217225,0.676890377840544,0.661988250590492,0.673382737725969,0.665926490475397,0.622672875253544,0.597507675554823,0.571580978572061,0.68164636643809,0.640756359826312,0.612418557512631,0.656106440047326,0.663849962728262,0.638655669526122,0.613177503274631,0.597847903432187,0.599145821649697,0.601912764006241,0.576570463963334,0.563855642799266,0.577218531216987
0.766694482397132,0.610732955590416,0.665496287555442,0.730382662541231,0.749911160068298,0.716391674849083,0.65693345184226,0.776808945346743,0.655192813423326,0.658890882813438,0.652438498139008,0.695112869743682,0.689903026198281,0.655157936569283,0.660010473770438,0.682864430036608,0.772713074461652,0.760998854277109,0.781409925353714,0.602160578209213,0.679766091183428,0.663865474643538,0.675032658865018,0.669110685700135,0.626572550680268,0.601629519198173,0.572508503105704,0.679457850716763,0.633724193164969,0.618638171348713,0.658179563913674,0.665683011675675,0.647883497169199,0.620766910197324,0.601266114013374,0.59450665398482,0.602233987863416,0.575114351977596,0.561500425106682,0.577366827182032
0.772518881362746,0.605653948372778,0.665430059394402,0.719818950331507,0.73223744929604,0.716242153666702,0.651825183048324,0.781069875105832,0.653011638982251,0.6643629332553,0.654827358487082,0.679236698522297,0.677665971835198,0.655039696307185,0.656414624628316,0.684947943430551,0.783400641954817,0.764597628394362,0.776536893561022,0.609410776303895,0.680680969589363,0.665119331219557,0.674120478790731,0.669595924876878,0.627879923956824,0.605396631958807,0.574078605131455,0.673436645958241,0.62603115815493,0.622769556090719,0.659506629200768,0.66525100168662,0.65465120195217,0.627688116489733,0.603823590168649,0.588433769223551,0.60088241555969,0.576124507829384,0.562681944358998,0.579570343943991
0.775876071968889,0.599135599615994,0.662886401581045,0.708644227126256,0.715544278067912,0.716905462285696,0.648797011340921,0.784110941426084,0.647639583421573,0.668817270432292,0.655839103982508,0.668006321129049,0.667423273111623,0.654175788331547,0.653314580879331,0.685631881154741,0.791706378388897,0.766899194090525,0.77183119389226,0.615974058222498,0.678215085785143,0.664491706359553,0.670212664142069,0.667614552103348,0.627039571883959,0.607606477836833,0.575086990056029,0.663340975790827,0.617533641270721,0.624541601468263,0.660249995406441,0.662305042126114,0.658480351405106,0.633488789199099,0.605493033815774,0.581491147695715,0.598183398752413,0.578984371003167,0.566685314501737,0.582711540033126
0.777934230864749,0.592299168865019,0.657710652175764,0.698055884413232,0.701031465022268,0.718422572256095,0.648431221117202,0.785015892742261,0.641374972193076,0.670951198766663,0.655700111261737,0.662108463306136,0.660206555137852,0.652646613574658,0.650846744096464,0.685408411789443,0.798036778456659,0.768260164297961,0.76705206422026,0.621307096382967,0.672707149973654,0.661794053928254,0.662426742210634,0.662362923667596,0.62464390807282,0.608193327933685,0.575845374459004,0.649733079590665,0.608435130519002,0.624227562285374,0.660077046960275,0.656882585318457,0.661525531693258,0.63690037078922,0.605982448296314,0.574767612649898,0.594247032257727,0.58337077657142,0.572778866309522,0.585511457204153
0.778929295886756,0.586752419586137,0.651045207973989,0.690155919833035,0.689608705262589,0.720811572207971,0.650081891481386,0.783860932491467,0.636383938438512,0.670212484753462,0.653484900277594,0.660831626565404,0.656072120743042,0.650535679743733,0.649394480943829,0.684476493156531,0.80197968926632,0.769040760804016,0.762183209911644,0.625257624194682,0.664400462786125,0.656842946186514,0.651489766886776,0.654975432364639,0.620622649833537,0.606158853586824,0.575772791424321,0.633413584333204,0.599457980015892,0.622527325830532,0.658662700890927,0.649774445426903,0.663534208483421,0.636905467388624,0.605793644160629,0.568982750120465,0.589624542835579,0.588521883935441,0.579708945100296,0.587445314816399
0.78174573575584,0.582158236785682,0.643929235856183,0.68484725882939,0.681580495235223,0.723863677807785,0.65314159485718,0.78013651137013,0.634673744569104,0.666092529908921,0.648879244117534,0.662706665938006,0.655630528486595,0.647212530759162,0.648874072019213,0.683062614602677,0.802286208153657,0.768102873809546,0.757131856808016,0.627309321770144,0.653472931071517,0.650677463415632,0.638618020592294,0.646079831340265,0.615195406084632,0.603263919063437,0.575532901685055,0.617638957163811,0.591230048675867,0.61934173457374,0.654948823811851,0.641244978703774,0.664680888070432,0.634395127231902,0.605028828446641,0.564893238313584,0.584360441615252,0.592862088911037,0.586552775123304,0.588661206199335
0.786727910824993,0.578367876364764,0.636122089143414,0.680659800951704,0.676045972775263,0.727329059165027,0.657737603417056,0.7745434300021,0.634986608204453,0.659047732159018,0.643963403703501,0.665618411374382,0.658123575259176,0.64395734718027,0.649232226550874,0.681284703070834,0.798262510034537,0.765786672210541,0.752223972311431,0.627420619653872,0.640812883916384,0.644351985537109,0.625191238101758,0.635757681893167,0.609108457707305,0.599980708297531,0.5743788371901,0.605113382369033,0.584110927309613,0.614934952638044,0.649004545430791,0.632745311296402,0.664473853357804,0.630871892764564,0.603541399551738,0.563110052046885,0.578985447946734,0.596070703506235,0.592780889639071,0.589691244374824
0.793421094096386,0.576356345755657,0.62830064591382,0.677199599472974,0.672026419805908,0.730948125059918,0.661976196261448,0.767608569936187,0.637019551790078,0.649823315015968,0.640491203178639,0.669068293934419,0.662869572227273,0.640298043366437,0.649892626637691,0.679669001541792,0.791300239957252,0.762383226166682,0.747948307099686,0.626269526473013,0.627962702106768,0.637999575953981,0.613245161996157,0.62442923760388,0.60366130314412,0.596444130261698,0.572213429889801,0.596835430696932,0.577668969752253,0.609050515570398,0.641224739800189,0.62588914942117,0.663057739253734,0.626026421541941,0.601399735539363,0.563327367041372,0.573834191575905,0.599173602730304,0.598017555697674,0.591770626315131
0.798870235624314,0.576046447768129,0.621684193211431,0.67431315312064,0.669572337048115,0.734715685478344,0.663964642809504,0.759975575344669,0.63853209203608,0.63956944083254,0.640372199873721,0.672563487221215,0.667726802873978,0.637391755002774,0.650797121688362,0.677599920690174,0.782531035593439,0.759001932186623,0.744205626793305,0.623529008614387,0.616356658310433,0.632063113854438,0.603969802676295,0.613803975362676,0.599634977990723,0.593179192772533,0.569916982573689,0.59262365485958,0.572454390209034,0.601862422916105,0.632070994052998,0.621275901813613,0.659983208723369,0.620211223528603,0.598767602780493,0.565841949959036,0.569448083290229,0.602563356039465,0.60275389745426,0.595758047281894
0.801940973425433,0.577517584293232,0.617308492697796,0.673098893472108,0.66812348476601,0.738568940429869,0.663535237876186,0.751460375271066,0.638298580371058,0.62991976277772,0.642107687788121,0.67584109930345,0.671917889990335,0.635760213410642,0.65080211064974,0.675713366765455,0.772174823897962,0.755444353246355,0.741072135620579,0.619667774399172,0.606420826556978,0.627216087422487,0.597672496160864,0.604128173184758,0.596496420614204,0.591354921311737,0.567176968281295,0.592365561172991,0.568900774664463,0.594523068630522,0.622262637113446,0.618328775929647,0.655425586013797,0.613647289238776,0.596452156856931,0.570290851047599,0.566265925354336,0.606637061558628,0.607714946075367,0.601242768708158
0.802822817560806,0.579894359539421,0.61523934987884,0.671896427714182,0.66846033108694,0.742434359792024,0.660624876019898,0.742301792076654,0.637577770118789,0.622428926930657,0.643770970356793,0.678905827844449,0.674224144879188,0.63545089443725,0.64993096101311,0.673602567238546,0.760725274099739,0.751326876988788,0.73852331919781,0.614960922525815,0.599311476762615,0.624458663028208,0.594569791729296,0.59594946299016,0.594652108590523,0.591084734004296,0.564741302110421,0.593717350684452,0.567081034672076,0.58812642665691,0.61320478903182,0.617158193019292,0.648431722628434,0.607020220274537,0.594582621503396,0.575861215884421,0.564676405815588,0.611432984897839,0.613404525804962,0.607262712783366
0.803574623908928,0.582300200067742,0.61505554364958,0.670145612504381,0.67025387022616,0.74625015325629,0.656710548872812,0.733052583501782,0.638879076203942,0.618539946784569,0.644986470195454,0.680901891564713,0.673940745530707,0.63623129653597,0.648367122196254,0.670990174393506,0.748327192021537,0.74682915172642,0.736470550998888,0.609323300886625,0.594987672388487,0.623171611482957,0.594210657592475,0.589493023644023,0.59440411081565,0.592958987718517,0.563563937523692,0.596731080331802,0.567465250495103,0.582560545119871,0.605941493922691,0.617602396893316,0.638360466409133,0.601092420088197,0.593347878186469,0.581810964638098,0.564708640985942,0.616666465264381,0.618968577917592,0.61308066254952
0.803001890259508,0.584370179255389,0.616003713204129,0.668281634395498,0.672978935961469,0.749967711918509,0.652285992728076,0.724332791668892,0.644017735969428,0.617968327717492,0.645314228674744,0.680250098767178,0.670719053264572,0.63683263062902,0.646139462065511,0.66812049614318,0.735467882247355,0.741862964501994,0.735058178286421,0.603376242068518,0.593323606553775,0.622273220413371,0.595173500400575,0.584942316941732,0.594520229880631,0.596726552510297,0.564622041859732,0.600528828137264,0.57030288385921,0.578216911777591,0.6013112452706,0.618849295726323,0.626336279759494,0.595655580769618,0.59258519473036,0.586864383211141,0.566177148829432,0.622388120058979,0.624041247132863,0.618331721043426
0.801393704241865,0.585919449377842,0.618183590655726,0.667924095849604,0.676259370869544,0.753558061642017,0.649214201874168,0.716560146172878,0.654312717310667,0.620324196439276,0.645631197145679,0.677955064764239,0.667151765864345,0.637341944156492,0.643997499629292,0.66514456805868,0.723360053133919,0.7369898001341,0.734364566810035,0.597749765104168,0.593416818699785,0.621843780772401,0.597349245182436,0.581849419911104,0.595093960552404,0.601772982162229,0.567240140851359,0.605125497947638,0.57514091046074,0.575118941821604,0.599597193486818,0.620619137826887,0.613221130356444,0.590512143652275,0.592825483579676,0.591152857411958,0.568842891590859,0.627686241336382,0.628506760439974,0.622759923938122
0.801296706380321,0.587411120956197,0.622353418259957,0.669900135945783,0.680570842678564,0.756971050358566,0.647306215220956,0.71037852495586,0.670051682664169,0.624300288862039,0.647780145884632,0.674754127183062,0.663728195668658,0.637791265456006,0.64189992705118,0.662077965641563,0.71250354612427,0.731963921494728,0.734011808194081,0.593062174467743,0.595080949717539,0.622030580928921,0.600870525459091,0.580920739683394,0.596035291329385,0.607842987772879,0.570968793845904,0.61152162899687,0.581637703682121,0.574129894648115,0.600305650276548,0.62404267046491,0.599773140879371,0.586570688985713,0.593815678247659,0.595302352600765,0.572350560909922,0.632141881954773,0.631961181956332,0.626987692716429
0.801182863580103,0.588978271084567,0.628498410989034,0.673926255658065,0.685500972458402,0.760183284167592,0.646134140509865,0.705554220696495,0.689524168103171,0.628316760500326,0.652529241716538,0.672200579769008,0.662042837546793,0.638354891471486,0.641196115783626,0.658432511121187,0.703840715914771,0.727485563305062,0.733928190493188,0.589820853518127,0.597869626981935,0.62358460080673,0.605675029549835,0.582053948771855,0.596837335099057,0.613605553505783,0.576124877201539,0.619507397400039,0.58925555172508,0.574879458328573,0.603105015547924,0.629304901220123,0.587116254553983,0.58329694310947,0.595356641796403,0.598866644687159,0.576337449927385,0.635183572865335,0.635613721750727,0.631283912274281
0.802551903617263,0.591197736192422,0.635872814611654,0.679230138149823,0.688967147797116,0.763339061721156,0.646659386406922,0.701812019478339,0.707055985985262,0.631015588524806,0.661238833774344,0.67136110191127,0.661619129053429,0.639742797362365,0.640714452739638,0.654708548360558,0.696572863363295,0.723346718413546,0.734277440632369,0.587782647564244,0.601321365042587,0.625780014230403,0.611606167533856,0.584640956757552,0.597650285311408,0.618450121251736,0.581940792027743,0.629127955947796,0.597119683454021,0.576347582408597,0.607737149182816,0.636780739057557,0.57703377713909,0.581120123987574,0.59742967405593,0.602316099322349,0.580370562014321,0.63820257101765,0.640068654269129,0.635771475606028
0.804128504253992,0.594105973764966,0.645475830935127,0.685431597858973,0.691509745305182,0.76621926290668,0.648495864841895,0.698596305084743,0.720434685529841,0.632778709060327,0.672115101690723,0.673191044419837,0.661385773429305,0.643077547280188,0.640559569523771,0.651399630806317,0.690729001647469,0.719680799039506,0.734889221999294,0.587221201271767,0.605146031852095,0.628871885029337,0.617930377494885,0.588078978717127,0.599019405229938,0.621544560130292,0.587774422660595,0.639713573946588,0.604738885974794,0.578091322988981,0.613857947192943,0.646819296804552,0.571272573763194,0.579492721091482,0.600003248240691,0.606760205379504,0.584358517439241,0.641644698443456,0.645317749035396,0.639976915211243
0.804890444541952,0.597829934336341,0.658214819203453,0.691474977929698,0.694147025226761,0.768783395210144,0.652386459694466,0.696841235580979,0.726935913183383,0.635277364565961,0.683910146167304,0.678455280465018,0.660852359736782,0.649096791727263,0.640743541811683,0.648849520239252,0.686366794916177,0.716473413300074,0.735906927669234,0.587940495563283,0.609777260382081,0.632817356280952,0.624762277668127,0.593466359296576,0.601632688402499,0.623560149074506,0.592666732098793,0.650316051763672,0.611503300718578,0.580092410471711,0.622642262850314,0.658631418269121,0.570022460977159,0.578405847109746,0.602592432775052,0.612131782251797,0.588185588422408,0.64598518158061,0.65034971074119,0.642935138872057
0.805206953844481,0.602098744169187,0.673078686804454,0.697434160852076,0.697350305875775,0.771112113654592,0.658630913635226,0.695992833845149,0.725567727869193,0.640053237311554,0.694677742794778,0.686942804549076,0.660377084606965,0.656551845714173,0.640619930384128,0.647442721880225,0.682781239914263,0.713169055498513,0.737235099121468,0.589562386762166,0.614310346601795,0.637181804421464,0.631705138160455,0.60026766599404,0.604841273921778,0.624642819050464,0.596782602058429,0.657996756085199,0.617673787845023,0.58194116597071,0.633954067355369,0.671114934125564,0.573059340425904,0.578538706051152,0.605209810985513,0.617526935058231,0.591508186183907,0.649836036263103,0.654871889732618,0.644211958836413
0.807108653278793,0.606674621889494,0.688597199095195,0.702821146534941,0.702033860813417,0.773282795233656,0.667567715908921,0.695590627523079,0.717481360974667,0.647576001422825,0.703029430982942,0.697611270431215,0.66030012300992,0.664393075053162,0.63978403552857,0.647178485167405,0.67998551162813,0.709645318297381,0.738781233677637,0.592225792130083,0.618499884032522,0.64136786982071,0.638101938268304,0.607826020052521,0.60798143445417,0.624884209242798,0.599595395004666,0.661022844411332,0.623342806772097,0.583306190863686,0.647954372004931,0.684075154387497,0.579791573190798,0.579724296213434,0.607781449973572,0.621600545639579,0.594658332773683,0.652645273570152,0.658665291582805,0.64401905586208
0.809807107304867,0.611186267299274,0.704344575364865,0.708113892519852,0.708496307663353,0.775157364842868,0.67890916229046,0.695602343944477,0.70605876102688,0.657810690680206,0.70800294735566,0.707346789429331,0.660802013391188,0.670777813232398,0.638902730321349,0.647403603898147,0.678041992733814,0.7062902663847,0.740550396321198,0.595362730420761,0.622438764190878,0.644592382054804,0.643348237213797,0.615726448704686,0.611410367481617,0.623919949419573,0.601345184061933,0.66015637914081,0.628247593778244,0.584979876367193,0.662729140335747,0.69540608280752,0.588814656369026,0.581652098535252,0.610017602792499,0.624026695903363,0.597787517319363,0.654128653755745,0.66193766859806,0.642315449655393
0.810631145037572,0.615574986489935,0.719104548043609,0.713988008793302,0.714284029796946,0.776673097505559,0.691582528702614,0.696407499035141,0.693176843450897,0.671769600945311,0.709488664592538,0.711561416788409,0.662917019830702,0.675125397987897,0.638969808428648,0.648165909393566,0.67655285264216,0.70406891413435,0.742701244052588,0.599116607605531,0.626692611296244,0.646644210885421,0.646477063110576,0.624007864738005,0.615271953546069,0.62218395491139,0.602647626102561,0.657266050375008,0.632502267905364,0.587222857855201,0.677225973814819,0.704009477896744,0.598881225563214,0.584945904769639,0.611559977931318,0.625423221714605,0.601127042931459,0.654786146076923,0.664184234499152,0.639352088918895
0.808691723128678,0.619818069110281,0.730694235079679,0.721046337465179,0.717972053901613,0.777925743520003,0.704728198265506,0.697689644511832,0.679727770833775,0.688059906146601,0.707242011349955,0.70889719193979,0.666819927052753,0.67806293296326,0.64057099298512,0.649725287424907,0.67582525109524,0.702753209349642,0.744945550056678,0.603349985672367,0.630863512840986,0.64716234517081,0.647642245944189,0.632165212229501,0.619199469235283,0.619554083962944,0.604141176738483,0.655008339578349,0.637222589087157,0.590259850559603,0.690854683745711,0.7093227792504,0.608633813115721,0.590080947356965,0.612411561046093,0.626698053709871,0.604794482761901,0.654487639320831,0.665321720123234,0.635516734117049
0.805710207664043,0.624291767428127,0.737590361431115,0.728995519854882,0.719149511364691,0.778910533270136,0.717255304887819,0.700098961675974,0.666778088660585,0.704297935014821,0.701723379341823,0.700793454401519,0.672046324015854,0.678791781142612,0.644455274726977,0.652094307630017,0.675428405802284,0.701926708938215,0.747272988936876,0.607784808778656,0.634394901157875,0.646259701971882,0.647492650884335,0.639942991006889,0.62219090743861,0.616673771621103,0.605645711980181,0.654064783455173,0.642354699463906,0.594315080307091,0.703550233096111,0.71120422261372,0.617615400536087,0.596154735876126,0.613369800751292,0.628426983358073,0.60882635972515,0.65349352602083,0.664567785579221,0.632546262553561
0.802729798353732,0.628843544791922,0.739025853124112,0.736466782766292,0.716934857421668,0.779667556423636,0.727685500827579,0.703066397127778,0.654234749431169,0.718010091035837,0.693567026021497,0.689921970765507,0.678172376411232,0.677259774357226,0.649953826818342,0.654909978970985,0.675254169957103,0.701406645575047,0.749614725380179,0.612404063257822,0.637486632458101,0.644116872465936,0.646337602559417,0.647576596018363,0.624380874894894,0.613508423444525,0.607076464252313,0.654883876869514,0.647479905088669,0.599142121175396,0.713824472085537,0.708029939313008,0.625858152968242,0.602329574547711,0.614920749968604,0.631360958278004,0.612748986259102,0.652522553679096,0.661652795429604,0.631664147687588
0.799413658049034,0.633182267385565,0.734054019033722,0.741163361948089,0.711453464756965,0.780351292411645,0.735588882308215,0.705945901976203,0.643842416265856,0.727969716254874,0.684152174186816,0.679580344124428,0.684544218244303,0.6738713850239,0.655833325674056,0.657766767505577,0.67531423082996,0.700780864374162,0.752094028584049,0.617064681818387,0.640766853692221,0.641143439651536,0.64449186284007,0.654812092248817,0.62579276468776,0.610865871822939,0.608410212685241,0.657109407599249,0.651720377508588,0.605022333109499,0.719359099595892,0.701263342896206,0.633219094030093,0.608899723541427,0.616470698668647,0.635942389496796,0.61625784052519,0.651308267828981,0.657099795577978,0.633211650686714
0.795933594499787,0.637190932399486,0.723839776338139,0.742638324782025,0.702802639081758,0.780855249464803,0.739775070496216,0.708481922684859,0.636965323578265,0.732665006801617,0.673910275736177,0.672321288360644,0.690349449727442,0.669237082421364,0.661386405326662,0.659744367344021,0.674912432150983,0.699612602588187,0.754348744765714,0.621258918764198,0.643989100460806,0.637662998762954,0.643418722723473,0.661225632668131,0.626420843400133,0.608983517399869,0.609506043148929,0.660322382837391,0.654943395819255,0.611520366681552,0.719433902393558,0.692323806165829,0.639792126186046,0.615353981116912,0.617815729294104,0.640943402863726,0.619504060896706,0.649965702929955,0.651725743115681,0.63675136797044
0.79330728322381,0.640422994411733,0.710031549955606,0.739847588377774,0.693638606498413,0.780995825695758,0.740078559758648,0.710029151808558,0.634082661221179,0.730908669809525,0.663594463533336,0.669563968186263,0.694262265758197,0.663617917470914,0.666595273247619,0.66085206708311,0.673221060808763,0.698146339818088,0.75620756246863,0.623769076038147,0.647141992630172,0.633934717464654,0.643184171028342,0.666695979173536,0.626502912503428,0.606549819253565,0.609684059617008,0.663925985888549,0.657034644701337,0.618281434008826,0.714845646764446,0.681508151467805,0.646154362437164,0.621689208919122,0.619675512408902,0.644950459107247,0.62280502192638,0.648271291367343,0.646520819548621,0.641500342093108
0.79050708022538,0.642626208771959,0.695060460885654,0.732646531718356,0.686397739314083,0.780923517208517,0.736136807929381,0.710716234439175,0.63374799396735,0.723923750849169,0.654167545923084,0.670290963804632,0.69570160779584,0.657455079819955,0.670725906428357,0.661062796783289,0.670556916581819,0.696553476612473,0.757908666400008,0.624516578886044,0.650091953563715,0.630752555100191,0.643921795806701,0.67062067214773,0.625822967188254,0.603771347357662,0.609339512436018,0.667350839607301,0.656773323559425,0.624513867623903,0.707151679850332,0.670822575325809,0.650898783215929,0.628569883996054,0.62211615791983,0.647721263000927,0.626029694618742,0.646503984960532,0.642881563889538,0.646454181819539
0.788142528496535,0.643428925827637,0.680849888223913,0.721572743595378,0.683204461967646,0.780796993192578,0.728140615438127,0.709832715225556,0.634381399098046,0.712806939479117,0.646249001475612,0.671644835765289,0.694572437343303,0.651358019794319,0.673372851015103,0.660171644011995,0.666823186220266,0.694932348795604,0.759465799936443,0.623390533360801,0.653127935275487,0.628665213678461,0.645890857159723,0.672732307570713,0.623940964273651,0.601207750667293,0.608234974084416,0.670244154058842,0.65414679130207,0.629921370658209,0.69693865894344,0.661189042500466,0.653291986189922,0.635424439073987,0.625365903515899,0.649230640136309,0.629200637386903,0.64593985624731,0.641384649438473,0.651934586994406
0.786515254400891,0.643251268814549,0.669379428581787,0.708089667485488,0.683256210011666,0.780619796791117,0.716308193634328,0.707582167290775,0.635377204783475,0.698663548197222,0.640349889747469,0.670530449648995,0.691261566919257,0.645415340446553,0.674877705871258,0.658204166406309,0.662980711133081,0.692820017840408,0.760814130001854,0.621552252852289,0.656175298693377,0.627388483170661,0.650081544269522,0.67305050382068,0.620419186907901,0.599045271511354,0.606330151129075,0.67258901368087,0.649939722372327,0.634713420496088,0.685429318094028,0.652966128469709,0.654254857558297,0.641330813122329,0.628423397340167,0.649400769013767,0.63210691146581,0.646164105799978,0.642426136493544,0.658608698612263
0.783629568929253,0.642127624766595,0.661555178647205,0.694467201281152,0.684840995730207,0.780299976723821,0.702344693935032,0.704947497525987,0.637502769290852,0.683980462580304,0.637076965512236,0.664394652268775,0.686085009063949,0.640422971723623,0.674890668172758,0.655516160606086,0.660126200241251,0.690683404455874,0.761905623821075,0.619520399443276,0.658866752909144,0.626649799480723,0.656089961068914,0.67176409361311,0.615798393865219,0.596384658536144,0.604089999289047,0.675269015680792,0.645972586460905,0.638862760934487,0.674804883875195,0.646830396073691,0.654583811860536,0.645577754793746,0.631607553009366,0.648314445495168,0.634894775727482,0.647140048433913,0.645491253153318,0.665371937833187
0.779952007245967,0.640664677338776,0.656799262884834,0.682363082490927,0.686565995595032,0.779926294874767,0.687702205360657,0.702904890369266,0.64048286537273,0.669918629866275,0.636168406373377,0.655274809331818,0.679303890089402,0.637424954681065,0.673174918030317,0.65298473725606,0.658163937535861,0.688527776064639,0.7626812759561,0.617337113426057,0.661202336417011,0.626834720473942,0.663132965793471,0.668816768214828,0.610906173391694,0.593170433953837,0.601208822663188,0.679778696710958,0.642108329236219,0.642663961734599,0.66644047051408,0.642709502582624,0.654754821414332,0.647856998977604,0.634684116738235,0.646118852161718,0.637634292646762,0.648990976980891,0.65015379479577,0.670152753059196
0.776090316748614,0.639249515938898,0.654496613636869,0.673585710073899,0.687208768582268,0.779544015031327,0.673401037506442,0.701547852674047,0.645489710408817,0.657616050598199,0.637348537760824,0.647685664316003,0.671579161258509,0.636257691135787,0.669804090172938,0.650364224517708,0.65699038773136,0.686506833092925,0.76319092943804,0.615656368870475,0.662466972159906,0.628013619213852,0.671412471997453,0.664726549203876,0.60602222674561,0.5899567644407,0.598032312826776,0.686344389911096,0.639163654876641,0.646526461021556,0.659980352613328,0.640879830531038,0.654661077088551,0.648052649902918,0.6376139796889,0.642873452495977,0.64081873844071,0.65106886658647,0.654884638766288,0.67134915300165
0.770768122221496,0.637951489819235,0.653678762649326,0.668486962271139,0.686564495554893,0.77902815762486,0.660673421631722,0.700917478258173,0.653559638133527,0.648366730853553,0.640116452693759,0.644016294637769,0.663808029032333,0.63629312165026,0.665371216090875,0.648291116948765,0.656690018944319,0.684761756451903,0.763358823844826,0.614200343916628,0.662439688586477,0.629290822741476,0.679987128029646,0.660026034873172,0.601469009785785,0.587974112278271,0.594938425740917,0.693265784145561,0.637362205724643,0.65011204451102,0.655492205906986,0.641000422099993,0.655697725342659,0.646646411802151,0.640146024645611,0.638518805131154,0.643680130586661,0.653041748767202,0.659233418267491,0.668335468172079
0.763725160081015,0.636718153138308,0.653546409349495,0.667010069417802,0.684388365037028,0.778442209238226,0.650727036015979,0.700304027023261,0.66471403887071,0.642026028980697,0.643363408845086,0.645593727877975,0.656177798149323,0.637712823062482,0.660241585268794,0.64716567708732,0.656972333784637,0.683261499529787,0.763358789514311,0.613313373054374,0.661249250996022,0.630433098983166,0.687714707422466,0.655046955386979,0.597317714321845,0.58766390289319,0.592015025414368,0.698086156341004,0.63696244981518,0.653432558822761,0.652966412149122,0.642977256140732,0.658585014873523,0.64412389251412,0.642343997908381,0.633723644985932,0.645660813978248,0.654567427307989,0.662078109386497,0.662245435401049
0.756345725472477,0.636133178169491,0.654422547717283,0.668606243312993,0.681014547444648,0.777932470860022,0.643657679984307,0.699271093306944,0.677137523262395,0.638400963904963,0.645600981062679,0.648412328508837,0.649212495842041,0.640075561581759,0.654505058994905,0.647070963085041,0.657989357345481,0.681966392686545,0.763212147298223,0.612460848071465,0.659617573270232,0.631919679730043,0.693637520254357,0.649878564912345,0.593763012288661,0.588161528311562,0.589701567024303,0.698986998072288,0.638531985133727,0.655598813510405,0.652204641649055,0.646180075614692,0.663742827359845,0.641362661747508,0.643461257337933,0.629236273097815,0.646678113241303,0.655732105690103,0.663836053570615,0.65503810885145
0.750565575638488,0.636214372279232,0.655967733650873,0.671041565038337,0.676410000993698,0.777569552521491,0.638209061328325,0.697438158651904,0.688728934795985,0.637302181348429,0.646116878919986,0.64574102802243,0.643284556271134,0.643176309868308,0.648635722586053,0.647387534336498,0.659045134643142,0.680421961370092,0.762917629600249,0.61144638831249,0.656596600165535,0.633516559157264,0.697787221048507,0.644545054718273,0.591400924258748,0.588741952944603,0.587950548646218,0.695744384140131,0.641667845594471,0.655839814283898,0.652693771187896,0.649983518165074,0.670439432544688,0.638688709150998,0.643518261369177,0.625518836487093,0.646296099829138,0.657012930831294,0.664894095137232,0.648194801670381
0.745731917859557,0.637526870517481,0.657735065833904,0.673290816044982,0.671428670876847,0.777408966064687,0.634199817519737,0.695230930849615,0.697027090441443,0.637835201390079,0.64475454171603,0.63777614412132,0.63842934683749,0.646584187102918,0.642878627469976,0.64765653823838,0.660485941455113,0.679182100261251,0.762441274030908,0.609268222742339,0.651993872760578,0.634683278240272,0.69908166368465,0.639380872983427,0.590513331441062,0.589054870706176,0.587339192985609,0.688915313555923,0.644826539011147,0.654040631190756,0.653709744450585,0.653860965154243,0.677808098398342,0.636559949114241,0.642445007778271,0.622079478467897,0.64491338246092,0.657878737693865,0.666313229270226,0.643093467837009
0.741224834934788,0.639806119162218,0.660409992195991,0.673735186410219,0.667671791833209,0.777474570907986,0.631265211299105,0.692841338076725,0.700042938583738,0.639474036718255,0.641179014501693,0.633984022031804,0.635130694012378,0.648871566296783,0.637559310102406,0.64792349935942,0.661851601151368,0.67820589462854,0.761845359646944,0.605611296746316,0.646650134157592,0.636505456626075,0.697444470790122,0.634117542238533,0.590844759217609,0.589545520956598,0.587576852211425,0.679928583290902,0.648512624233451,0.650573832325051,0.654769934818855,0.657861020554882,0.684363554186165,0.634582832034843,0.640281799839423,0.619234090873032,0.642813176520201,0.658688455817715,0.668360608128198,0.641817472179439
0.738309956962699,0.6429320628329,0.663904792080744,0.672755088486184,0.665741168521274,0.777771747377128,0.629157794270413,0.690932464154169,0.697265993469576,0.641554723268152,0.635863984606343,0.641796119561598,0.633778007917714,0.650035450472932,0.632866109600937,0.648356166114201,0.663092993318029,0.677196627852953,0.761276105875588,0.600917854338417,0.641151853426653,0.639493825539564,0.693318204858035,0.628518593023323,0.592078150927232,0.590906914999568,0.588367963782149,0.670830265385728,0.65258970477995,0.646361723050766,0.655675483924968,0.661959952346499,0.688254903289936,0.632472210451897,0.637387361967292,0.617003332745382,0.640229628596297,0.658828708742221,0.670529382099052,0.64538881522094
0.735662285813015,0.64623213345173,0.667532552164734,0.670568758633371,0.665828956417274,0.778188361775693,0.628470458211389,0.690066797955381,0.690979059639804,0.644126781622332,0.629849642611914,0.659542067446424,0.633961545673424,0.650620919292849,0.629135029661283,0.648529202608518,0.663945027426354,0.676371907279034,0.760713258508252,0.595991979904112,0.636134681495646,0.642320212068294,0.687937715595281,0.622308215609235,0.594091327483639,0.592853279735832,0.589815448810551,0.663467319131136,0.656066100470972,0.641137599307926,0.656388760654939,0.666143830907564,0.689386915530626,0.62970714519953,0.633481938376529,0.61511618922163,0.637567477620613,0.658018984741073,0.67219459929368,0.651733278184654
0.735038676802971,0.649317527453273,0.670854276590021,0.668228446806273,0.666946084470567,0.778686391168222,0.629034437285021,0.690053822912913,0.684182732872991,0.647684909808365,0.625190999969913,0.67895377737446,0.635223889800014,0.65065872710991,0.626609485414647,0.648857276571603,0.664236823513384,0.675630220100003,0.760170747568033,0.591859041117292,0.632078476507436,0.6435780436294,0.680971999572476,0.615987133889843,0.597190533106566,0.595095216431914,0.591837680840251,0.657830803770109,0.658745685962877,0.635622743392198,0.657001496852893,0.669595907794287,0.687972630747974,0.626475153929966,0.62847062884965,0.61424771313003,0.634897103764646,0.656689430281244,0.672251118585646,0.656834489842888
0.736499528430363,0.651660961630633,0.674312860477978,0.666309962326544,0.667653564479111,0.779280138668375,0.63136852419152,0.691031336104538,0.678648169859758,0.652120076982788,0.621748860620608,0.690879975955078,0.636818271399695,0.651016898186735,0.624974539530599,0.649510156352552,0.663979793448876,0.674520208641394,0.75987562779622,0.588930211501018,0.628933160833949,0.642503610462544,0.671137286610383,0.610547378743268,0.600751686114559,0.596896921743145,0.594681615834598,0.653739845299784,0.660196574735583,0.630196889312118,0.657757107851531,0.672146648989533,0.684671477115261,0.623560926077221,0.622811248293512,0.615028216992445,0.632223391606014,0.655805421220953,0.671151980628348,0.659025391552939
0.738235967361636,0.653136373890924,0.676788517553705,0.665015791642219,0.66812658570705,0.779947640200575,0.635714109220734,0.691957927658412,0.675915310679063,0.657659383925771,0.619669018334024,0.690759179941013,0.638428307664948,0.651768013867339,0.62503541865158,0.650004501867969,0.662541847647017,0.67286880695853,0.759886273391139,0.587130507130888,0.626651861290242,0.640400290798494,0.659754505525604,0.605923785968916,0.604237499765252,0.598613385303827,0.597337662465113,0.652051970522955,0.660138939177668,0.625281927615108,0.658430400187329,0.674214877408368,0.679272738173548,0.62078423464263,0.617645652680634,0.617434586359979,0.629826808783094,0.655400153603862,0.670858272859524,0.659044943652059
0.740331406881726,0.653897457759403,0.679023205922315,0.665093046647237,0.668405223924069,0.780684212993055,0.641765507433296,0.691892913176081,0.675504599873742,0.664097510312478,0.618894655453901,0.67835862374402,0.640222666525122,0.652715554058225,0.626318155571149,0.649425834749547,0.659828269899067,0.671086417591422,0.760254457159003,0.586398415987822,0.624848477718578,0.639463030616697,0.64795451840353,0.602634207237371,0.607190735139727,0.59965134713728,0.59982730863137,0.652019174130592,0.658678233351508,0.621296184489841,0.659051360859485,0.676502466009622,0.672408848834443,0.618248205708975,0.613326002467701,0.621127069508801,0.627773883875178,0.655532364429921,0.671533256966648,0.658560594896735
0.741377614307801,0.65400423432975,0.681858784343982,0.665411141723985,0.668248404696612,0.781416872637972,0.648602409302355,0.691014119809433,0.675673028546912,0.671478708390376,0.619833894123587,0.656987935781629,0.642258214090538,0.653159942580015,0.627950749800611,0.647375488613867,0.656045435084356,0.669505828863385,0.760933675374096,0.586558669577436,0.624357749920235,0.639474427753946,0.637008498413814,0.600546843828398,0.610148020242155,0.600169172055229,0.602214981792813,0.653061716018424,0.655882421905999,0.617899692519851,0.658982600201651,0.677892892478528,0.66548916982753,0.615781644325775,0.610059874160696,0.624804517601361,0.626240606860955,0.65675622308382,0.672950081013663,0.658814680694729
0.73975291922588,0.65456351636847,0.684789050628542,0.664909717393464,0.66725171939401,0.782171849334124,0.65536399325175,0.689900318570531,0.675088320041771,0.679937214627025,0.62161114779396,0.633019097897319,0.644348115269575,0.65333634261232,0.629797149294794,0.644858194497954,0.651379714226354,0.668083990564795,0.761744889009987,0.587593678364225,0.625153983516675,0.63924475050269,0.627691805006968,0.599128400835298,0.612649746969807,0.600387895654664,0.605393700138001,0.655099323878487,0.652565816831008,0.615118893460856,0.658018261953794,0.679102376607282,0.658852815195838,0.614330463475952,0.608541298474334,0.628551585830558,0.625155609858886,0.659661872874493,0.674741637721281,0.660380233218826
0.737414969087821,0.655756243898326,0.686409342796304,0.663552905477568,0.664956986271369,0.782827250299657,0.661014425488827,0.688897575792628,0.673392739812301,0.688803930649675,0.623879813504442,0.612637939155863,0.647312773061491,0.653864280602072,0.632985608049314,0.642599724672756,0.646409307702232,0.666550699961151,0.762707167222048,0.589361646729075,0.626956542365556,0.638216164418472,0.619478573340871,0.598931442360467,0.614778884959828,0.600184838109373,0.608049945724174,0.657221944771732,0.649744391880202,0.613072665526904,0.657355844361623,0.680767188890751,0.652494586298565,0.61397318256954,0.607777409858926,0.631217722153114,0.624123867033154,0.664167987066533,0.67697642814039,0.66478561328444
0.736207930738602,0.657258642181592,0.686181433041749,0.662297776330762,0.661557093068887,0.783411408947925,0.664837525121085,0.688329367475578,0.670825338615643,0.696316651672807,0.625737720864269,0.601081124698032,0.650867492664357,0.655245104008632,0.637972294751932,0.640635436145424,0.641341264122544,0.665508817342413,0.763782353064636,0.5923981060773,0.629138480051149,0.637521088265712,0.613874166905988,0.600019593772973,0.617252112452495,0.599738256270833,0.610685661808788,0.658916973571008,0.647846657946656,0.611566410338099,0.657744807921099,0.682236458081774,0.646938643719487,0.614996291401317,0.607811722878942,0.632728990641116,0.623377860920754,0.670192114419569,0.680077851387299,0.672690254186259
0.737272638594269,0.658590165098699,0.684749678353164,0.661305905236778,0.657515223063327,0.783943660352588,0.6667303509361,0.688464520485524,0.670691200379237,0.702327346720916,0.628151260103811,0.603865574043632,0.654635221583364,0.657589110876953,0.643952018041699,0.638856905144186,0.636581227865162,0.663806943001356,0.765001025961667,0.596744004524214,0.631329812441992,0.638507766955875,0.611697050539142,0.601330733437831,0.619685324038929,0.599644486487492,0.614951607603839,0.659538741319462,0.647353683460892,0.610761098252804,0.658565888950881,0.683471682589661,0.643419636527997,0.617542377764374,0.608885985157519,0.632826544821561,0.622936029000756,0.677605571145327,0.684283890088241,0.68303208971026
0.739069081979385,0.658795316334009,0.683434038046079,0.660423355825239,0.653329543553341,0.784396276125184,0.666914097194835,0.689439609160479,0.67474250961461,0.707864423578391,0.631062653840644,0.619797118337106,0.658932016782276,0.659315729920509,0.64989333161699,0.637265819793873,0.632620030316776,0.661741730653876,0.766463192795415,0.602578675638514,0.63338846715929,0.640661225746033,0.613472856598743,0.602337579721714,0.622304521153547,0.600184292570335,0.621551958019929,0.660034911727666,0.648721789901042,0.611095959812978,0.660049274273043,0.68470975276154,0.641831593720828,0.620666971692077,0.61053725614754,0.632373156997764,0.622711117584131,0.685550193301622,0.689968106022176,0.692363288643425
0.742243094535096,0.657354562894421,0.68322911842944,0.659206188506401,0.648458013014541,0.78473737450174,0.666111140572296,0.691247518668451,0.68228904122107,0.712788436453017,0.635170713072405,0.633802584106052,0.663460840906569,0.661472629184551,0.656877567725322,0.636671146639255,0.629604415703289,0.660389325838474,0.768060960128464,0.609843670012274,0.636038124653109,0.642095464161597,0.619089761539561,0.603371858065919,0.625490874824777,0.60122731886728,0.631989972231503,0.659849676277447,0.651599298252242,0.612751734442949,0.661600058694813,0.686840400297846,0.642858649543727,0.623263057825504,0.612618714671971,0.631854103704089,0.623039558423693,0.693269822370255,0.695874994597128,0.699785561892045
0.74779829298281,0.655099624790959,0.683160300911783,0.657006044237888,0.641774413285298,0.784959903283579,0.665031588644773,0.69364602141254,0.691362457610728,0.716139541178893,0.640748442842165,0.624803452443404,0.668088087134905,0.664306886778316,0.665216020496096,0.636862460775016,0.627818647717141,0.659525035487714,0.769775548663064,0.6179083895555,0.639869664328598,0.643403173526213,0.627807871411958,0.60504295612872,0.628917580382592,0.603273110728955,0.643914738600294,0.659581863880007,0.65643927228683,0.615186501780541,0.662903396988175,0.688628636267165,0.648220744945405,0.625737503304227,0.615362263907501,0.634162024432363,0.624105743047167,0.700029634229231,0.700926439727279,0.707577463384365
0.753589715713065,0.652670024598867,0.682291204748396,0.653797233569407,0.633200270863432,0.785170671149925,0.664107457224086,0.696567968360611,0.699885501303699,0.716512010566659,0.648645047134944,0.595398378797888,0.673376702290419,0.667672364943718,0.674944745789403,0.636897673869794,0.627373524198955,0.65940330871745,0.771846103477125,0.62659178266047,0.644185163044084,0.645098537012234,0.639165536792774,0.608370177142356,0.6319988026614,0.606928531307919,0.655898723215383,0.659666421215419,0.661528149803272,0.618121159924014,0.663375188146231,0.689495098608928,0.657535160327297,0.629036868788434,0.618711404363145,0.640135271302144,0.625866126608184,0.70620126375195,0.705403600456463,0.716684691824891
0.757473553409752,0.649759481303509,0.680547989010397,0.649170006705381,0.62320592705263,0.785304774997794,0.663659767562675,0.699342652947355,0.705139157973384,0.714610044044387,0.659598831017168,0.568330750643551,0.679281554701756,0.67161518559285,0.68342117762147,0.637675919939264,0.628768577653672,0.65917246991048,0.77435982573421,0.636168359202483,0.648963886135927,0.646376496743729,0.651817551520252,0.613806792549785,0.634160213051129,0.611935906694091,0.667152781378596,0.658011949838068,0.666625690011464,0.621477836445447,0.663302633298001,0.689074981164332,0.666485638996319,0.63314229231318,0.622682983575798,0.647153708440363,0.62877808107157,0.712635299091717,0.710130666122332,0.726118981745307
0.759318805435497,0.647109186866549,0.678721910237625,0.644615569585883,0.614001045359831,0.785458670066063,0.663577204333793,0.702479501661931,0.706495307350881,0.711131421800223,0.673576436131983,0.559255490063508,0.685842936414281,0.675739258136346,0.68832536743059,0.640665660590001,0.632940682890422,0.658750905694132,0.777349307009195,0.645344651067133,0.654383189688764,0.646769016765158,0.664737006541737,0.621317815048602,0.635610804427348,0.61733876096216,0.676757170085813,0.655233009906431,0.672241232266686,0.624562470503093,0.663987934777069,0.688901031988019,0.670715374580098,0.636718011298911,0.627310024194561,0.652359687317138,0.63261521138702,0.71920579429724,0.715775010955392,0.734467715811614
0.759031861946485,0.645828742213637,0.676963989346654,0.641740597247126,0.607404483198844,0.785549431214676,0.66536167847362,0.704941504795544,0.705945784597584,0.706183317674284,0.690695269464671,0.56272149377521,0.692341836985358,0.680000469663833,0.689762917021241,0.646719221729634,0.64059460998248,0.657755374756611,0.780652662340161,0.653014150383042,0.660499135824332,0.647025054696206,0.677337852436979,0.630437719275619,0.63731029823598,0.62142153512214,0.686516416710574,0.656195358842724,0.677040570857166,0.626804555646746,0.665595413551138,0.69013301337152,0.670768818454222,0.639326055883876,0.632475832326223,0.656725978379725,0.637042449151581,0.724776956592047,0.721825120727436,0.740821663694064
0.758733637210759,0.647356550529265,0.674992144846966,0.642187293771211,0.604534784727538,0.78548526975998,0.668174554995007,0.70450926883867,0.705527310252425,0.698973523075081,0.712480886165382,0.553560926715112,0.698415737441396,0.684042472871444,0.690201938327982,0.655891387708071,0.650043003459362,0.657788710128598,0.784083768452229,0.659577971401786,0.667177567027973,0.647845318419584,0.689158916537984,0.639922110827693,0.638600643942579,0.623747784539843,0.697529489528295,0.663861790866981,0.680187195110479,0.627334562347299,0.668408843039257,0.693301126012487,0.671269100182486,0.642556042949593,0.638799407568042,0.662970469472235,0.641468070397274,0.728847197608568,0.728104347845666,0.743942669364385
0.758577953037089,0.650828186897999,0.673701952699139,0.644676059728138,0.602851911460245,0.785696677019351,0.670719066686062,0.701344954553023,0.707171197902077,0.692214038405346,0.736540313445587,0.533239860386352,0.704480846326754,0.687610049854238,0.690368564376247,0.66624745916271,0.662003320471635,0.661045437378779,0.787729273972018,0.665485334691005,0.674446081153908,0.651057278991474,0.69937228027915,0.650936049869946,0.640140376641009,0.62645803842335,0.709729316247649,0.676621400488467,0.68215838503899,0.627946222646456,0.671906717151644,0.697972388985586,0.676153844479615,0.646884150066408,0.646620865339328,0.671763379392502,0.645352381924713,0.731855498154471,0.736404134689818,0.744125553065286
0.759727088440974,0.655794802536645,0.672845296676623,0.645655889464905,0.599920212810072,0.786345409655941,0.671839521050341,0.695214871531042,0.714690770714112,0.689051677045562,0.762030763940096,0.524304844075891,0.710380462268116,0.690552072416331,0.692053856489122,0.676280386323223,0.674125235083255,0.667693703137415,0.791447626857668,0.672024813292487,0.681309514703457,0.658017532923198,0.707969940014125,0.662830461057207,0.643438556610038,0.629321781129218,0.721584126626079,0.690899654173124,0.68357192579616,0.630950417909604,0.677536964460771,0.704753885257051,0.683060611469603,0.653371024025584,0.655134822266856,0.683053020491894,0.648188686480479,0.73394918447733,0.745665167180689,0.745658071441248
