HAL53,HAL54,HAL55,HAL56,HAL57,HAL58,HAL59,HAL60,HAL61,HAL62,HAL63,HAL64,HAL65,HAL66,HAL67,HAL68,HAL69,HAL70,HAL71,HAL72,HAL73,HAL74,HAL75,HAL76,HAL77,HAL78,HAL79,HAL80,HAL81,HAL82,HAL83,HAL84,HAL85,HAL86,HAL87,HAL88,HAL89,HAL90,HAL91,HAL92
0.154098065566584,0.141444494628541,0.13600722085803,0.145262852014714,NaN,0.138786502139861,0.168505055755339,NaN,0.0989599290540583,0.140114200875088,NaN,NaN,NaN,NaN,NaN,0.135702723119176,NaN,NaN,0.183798266421685,0.131327022058897,0.109150945921467,NaN,NaN,0.11501462971849,0.130608797222346,0.139190165877552,0.163850320506229,0.120222386359914,0.129230019999093,0.151542739425839,0.140469496105599,0.114222938607075,0.140495148390794,0.109370162957923,0.159721926633383,0.140019843260084,0.147107370986189,0.132554848224205,0.132635625231668,0.132705783659711
0.178420807800668,0.175945505286458,0.170267001273039,0.179238184068409,NaN,0.192317981340809,0.206390669068879,NaN,0.117897303387419,0.170021372057655,NaN,NaN,NaN,NaN,NaN,0.148763861620297,NaN,NaN,0.238361078759588,0.166971350056949,0.135101710032431,NaN,NaN,0.141948396520413,0.150314430487897,0.176307693478449,0.222291513173344,0.148525731787138,0.1400199391498,0.19082372223695,0.17874485982805,0.131143918510763,0.160356164528706,0.123383470689852,0.211005432806846,0.171582118592065,0.183353530333123,0.165204827555743,0.162127003254135,0.162482254855527
0.165537950893532,0.175365197027516,0.17657806099769,0.178789448848675,NaN,0.213686828967725,0.215345672839246,NaN,0.175512865168728,0.170014688112448,NaN,NaN,NaN,NaN,NaN,0.141609370595123,NaN,NaN,0.220258447070362,0.183929212108742,0.155513284484728,NaN,NaN,0.140079912506293,0.151920244710529,0.189455904043163,0.235020378859403,0.169501544841446,0.181980234177188,0.202649799435594,0.192971880424228,0.142036530294622,0.17176753256839,0.123587637923133,0.209765844242478,0.167452977013493,0.191135841343112,0.177186287782136,0.164324913927992,0.184147900760167
0.173944716362058,0.180557189857698,0.187283306682515,0.125968628333721,NaN,0.201792888703691,0.213408593658121,NaN,0.180785431859916,0.169430341375812,NaN,NaN,NaN,NaN,NaN,0.149373820140729,NaN,NaN,0.196591648948597,0.164681356770543,0.19319889029491,NaN,NaN,0.190916651329103,0.190720925217575,0.192835463530707,0.216655490143517,0.162192078578627,0.18507113620026,0.209147804539494,0.185062828753984,0.143899175634652,0.171820684723932,0.146220261396511,0.194686515168684,0.162748892833914,0.190453536588536,0.177417512138842,0.168781354837361,0.177714952395945
0.184191075491081,0.178325542406308,0.188664642154537,0.093533464714577,NaN,0.251157776020344,0.1971418284774,NaN,0.159764359367199,0.180827596900588,NaN,NaN,NaN,NaN,NaN,0.133667750059783,NaN,NaN,0.230657385173039,0.183892892200472,0.219029991387997,NaN,NaN,0.154462528412061,0.192714966162663,0.1894733428764,0.230374200470116,0.162697509308295,0.138124733596142,0.198576253804697,0.187184548646894,0.168758079422032,0.168337005997822,0.15699214417172,0.205848220278404,0.156871129922021,0.191399925554864,0.177242202676871,0.170138035025532,0.183268644368993
0.178156186531991,0.169303102603791,0.190482998585419,0.13640665492133,NaN,0.292791970145915,0.211034081220733,NaN,0.209118266341818,0.173211817049618,NaN,NaN,NaN,NaN,NaN,0.112483018964673,NaN,NaN,0.219845312162253,0.200473667251903,0.191673791690389,NaN,NaN,0.0930311181089908,0.180095842073853,0.192428072772535,0.227206735545896,0.170261616687305,0.135288193484167,0.204376243693025,0.175758243708515,0.186854206788392,0.214474317013983,0.119434778395463,0.216747648930633,0.183320231602957,0.192317509819689,0.173267081913085,0.162121770928621,0.185156710960915
0.17619539405347,0.172612918134374,0.196326588790433,0.208689059233748,NaN,0.218079459065325,0.236827729737638,NaN,0.199787733983473,0.181219237575241,NaN,NaN,NaN,NaN,NaN,0.17617615004553,NaN,NaN,0.235301031607858,0.183828702423049,0.181123337559225,NaN,NaN,0.131813723247873,0.194912761675926,0.188302743244825,0.210001503064795,0.165840493136049,0.137870357075051,0.20454901156273,0.191339525117372,0.129404929424136,0.160108836188878,0.143707526406891,0.221527972476301,0.181941972303024,0.188769895852751,0.169994280554817,0.16397804975551,0.174973288671961
0.174168599127547,0.188962012501706,0.211486217549745,0.211011314413669,NaN,0.265867647749266,0.168411223798124,NaN,0.160854829062787,0.177648501432926,NaN,NaN,NaN,NaN,NaN,0.177071414887194,NaN,NaN,0.24514377060413,0.198923148044827,0.209699936940774,NaN,NaN,0.167960001745686,0.182205190945174,0.19629966020903,0.216031735452909,0.163053196117359,0.147899136525394,0.204470876051624,0.16920432834082,0.143620618975297,0.187780825327275,0.196592983629292,0.235759420169151,0.188742323008133,0.188694731247533,0.165537988139756,0.162259700303305,0.181585793728545
0.173764870531785,0.198722414703194,0.193154218243063,0.174175030983128,NaN,0.214665721455812,0.162955551258324,NaN,0.156450444324845,0.166860023322075,NaN,NaN,NaN,NaN,NaN,0.191132373837612,NaN,NaN,0.208886482628041,0.189406589221772,0.23526461410819,NaN,NaN,0.13664994556754,0.195691460602788,0.209607583437757,0.251690878360865,0.175201159294622,0.220020282092802,0.198021980450106,0.173008575587668,0.180924133219931,0.215339083330407,0.23875758139127,0.249121638042612,0.198747263200936,0.192195372205546,0.164451503555843,0.157060261869629,0.177187344410244
0.186287683553897,0.164523834979615,0.187365235797625,0.147950776020628,NaN,0.170016792265841,0.173257955073392,NaN,0.166317340488411,0.173736100860217,NaN,NaN,NaN,NaN,NaN,0.241118205592438,NaN,NaN,0.211750864079312,0.19882358676949,0.210567349159916,NaN,NaN,0.123663264994466,0.214242363483355,0.217377524478173,0.276823204274089,0.15636648937386,0.207968738133652,0.193483366570979,0.185100268239803,0.179831413855578,0.167933045610802,0.225245342415932,0.239905109086575,0.219779582936873,0.184364528402578,0.165460205879547,0.156800487445596,0.160681408478891
0.184268243352931,0.176769682222267,0.214862427690356,0.161276410895613,NaN,0.170877477085708,0.215691248672953,NaN,0.198369326650928,0.173498627326289,NaN,NaN,NaN,NaN,NaN,0.20396341487897,NaN,NaN,0.236230227615421,0.203577717055167,0.159747080842743,NaN,NaN,0.178767960276374,0.208801436821645,0.232325898293239,0.254794336692465,0.166810241397966,0.180171239552949,0.196232004654375,0.183111932744899,0.153328108114943,0.185391891463534,0.186313483545502,0.231425563845585,0.212402790516241,0.185905002714289,0.163740305960855,0.155733538870327,0.172065052024721
0.191162567926949,0.176230440099001,0.211984155298351,0.0694159658407759,NaN,0.163851272839927,0.219785845705286,NaN,0.216547951419524,0.180440055291463,NaN,NaN,NaN,NaN,NaN,0.162511288780681,NaN,NaN,0.234452393256739,0.227788203441007,0.183168514288317,NaN,NaN,0.160029427874474,0.212888088339936,0.233982183594581,0.223877203075047,0.171835342933954,0.230154737748194,0.195858205392734,0.179725333501044,0.140063225988661,0.170011751657062,0.17678225016038,0.241076823026324,0.21462610327166,0.183585599698547,0.15830235051111,0.150478078363967,0.171033411873711
0.187227115337,0.183725664545152,0.165655516346667,0.163198846740517,NaN,0.118843104443496,0.219383788384824,NaN,0.214777482160312,0.174192716096385,NaN,NaN,NaN,NaN,NaN,0.162495209779546,NaN,NaN,0.208149412758932,0.203942090499408,0.170541510780858,NaN,NaN,0.147345423545513,0.192425755097913,0.238783039541938,0.233944022191478,0.168677067619008,0.207643519273364,0.19130493117939,0.180009355170941,0.157316742330371,0.167947144847556,0.182745610022556,0.251518603663629,0.195855741069844,0.186186505178007,0.156716047318917,0.154550022212501,0.167686371575963
0.186804081962366,0.175698892213493,0.177689097334532,0.182022804727359,NaN,0.159827924636092,0.194351331683596,NaN,0.1233331933935,0.172251037537986,NaN,NaN,NaN,NaN,NaN,0.164343482616473,NaN,NaN,0.218511693521931,0.187845709671196,0.188029778129407,NaN,NaN,0.185261821252927,0.188283184256052,0.245422731869298,0.247817266648185,0.186900732679916,0.148196625664379,0.192652015431821,0.191349633951294,0.135462176945722,0.16847582935103,0.17906482792047,0.257652631037764,0.192334519363142,0.182019320724929,0.166005044807309,0.162526521964706,0.15678764340419
0.18845047249223,0.174456348427606,0.195043941735591,0.235473704343722,NaN,0.180092155099082,0.186806820759697,NaN,0.194508536304885,0.178673631823098,NaN,NaN,NaN,NaN,NaN,0.176839508503392,NaN,NaN,0.221247754142455,0.197305777287288,0.205371008973181,NaN,NaN,0.154818031766174,0.177791622626108,0.225204983495448,0.244875863569129,0.19132683856427,0.0955349694542488,0.185257327061267,0.187416813336738,0.177160584811853,0.177463777697923,0.18238910340478,0.249064696479686,0.212254107523356,0.179826102084216,0.174565369351448,0.174224877009653,0.162224701731472
0.191126970342327,0.193736122173268,0.23242503964129,0.147050695056441,NaN,0.190418968876238,0.216127225473916,NaN,0.18205994183097,0.200543184438457,NaN,NaN,NaN,NaN,NaN,0.136160756240312,NaN,NaN,0.222814390894865,0.200002677947469,0.184567809640041,NaN,NaN,0.2034172752995,0.182976234819019,0.219592044678212,0.242706508474008,0.175784177979243,0.187076673747303,0.185307813981278,0.195813105592035,0.180363093921875,0.232479864582896,0.173666569662338,0.252508519832008,0.205029424918321,0.184185484792606,0.177295406352295,0.17797046932977,0.170173390014352
0.199044571392507,0.180771391360286,0.229626116613446,0.137392856299512,NaN,0.184071087183135,0.273884265949003,NaN,0.148872403904751,0.201897377541461,NaN,NaN,NaN,NaN,NaN,0.177465173242459,NaN,NaN,0.224479159948031,0.174403552294325,0.172009050348512,NaN,NaN,0.161420173936583,0.212863627395364,0.229545825317618,0.273629064035468,0.191516173045328,0.192594048233316,0.187413757286066,0.201289873886855,0.148658253355924,0.203341382405927,0.159503614430071,0.260162754759213,0.18933075946097,0.192468191469957,0.172822046968933,0.182675153866175,0.172065121312666
0.208254079115719,0.203303253629198,0.222168951710294,0.204229265881796,NaN,0.180172685134713,0.200905533855953,NaN,0.124402084073746,0.206198561634922,NaN,NaN,NaN,NaN,NaN,0.222344331937517,NaN,NaN,0.218202795788047,0.194117619750091,0.207332558947874,NaN,NaN,0.109386725737111,0.216964936351062,0.231633249892139,0.265811601846197,0.17916205217014,0.158392094271046,0.200526365551091,0.2138419382303,0.168486263009979,0.180572411993811,0.213455499598681,0.254046364813093,0.194072320070101,0.199337764968295,0.176185498458925,0.180545583384012,0.183565333043546
0.200704273547937,0.20048074759192,0.227361747680791,0.191971489907479,NaN,0.291670944783159,0.194597256783271,NaN,0.142084868035036,0.203294173052643,NaN,NaN,NaN,NaN,NaN,0.191426310283443,NaN,NaN,0.236718694017537,0.182205644112533,0.196058872135466,NaN,NaN,0.133426096317056,0.201743821900656,0.228411763974603,0.246330449140651,0.177309582255928,0.156681819298312,0.202078189800679,0.206638195106726,0.183100443346845,0.17921280061292,0.188316347320369,0.230403382512038,0.206300797945944,0.20673721770564,0.182009762387159,0.178563925605461,0.178390869484497
0.201418703218839,0.204574957155932,0.223158955444043,0.167815804756525,NaN,0.216578635774225,0.226131240655323,NaN,0.205944454594992,0.188003584743362,NaN,NaN,NaN,NaN,NaN,0.169294534011605,NaN,NaN,0.228422014974237,0.199091748645229,0.168772815319593,NaN,NaN,0.148703058388012,0.182071964121502,0.21784974466703,0.22901610235179,0.183658800936848,0.205481660394225,0.205667868939205,0.18928555977377,0.164827649967548,0.187980284055624,0.211477513279374,0.235686728970171,0.185957035894441,0.198916150065108,0.182055572687023,0.182708239855201,0.181084411237934
0.202158779749168,0.17319755435539,0.197571080545469,0.150271143428648,NaN,0.181139660213093,0.217188835166605,NaN,0.167811890399346,0.183431476365596,NaN,NaN,NaN,NaN,NaN,0.149060261943778,NaN,NaN,0.22775304978936,0.207430627671,0.179019533653646,NaN,NaN,0.108503320812258,0.215920786066865,0.226293420315465,0.203127948418273,0.185366348556243,0.193765504205672,0.211956620780724,0.193378490246723,0.182494477520721,0.179570751932448,0.21352612748592,0.241678456264754,0.195778043726728,0.206436476710869,0.183946247829193,0.184862074351843,0.19197799762969
0.200365221792325,0.188202867014788,0.175922069252749,0.177968439639943,NaN,0.189398733916648,0.210046647612924,NaN,0.186442748957083,0.19440673404552,NaN,NaN,NaN,NaN,NaN,0.174683573879346,NaN,NaN,0.239554423705493,0.219776129085006,0.182412482613757,NaN,NaN,0.0974227796145215,0.225492973008965,0.227331890518398,0.206026875001931,0.191849770844637,0.204710739200777,0.209522533848875,0.188053334574608,0.182503456706793,0.17808058224144,0.204558625377735,0.24569569808245,0.201889678498171,0.213168340229102,0.194338683249987,0.194284916169892,0.189112621862942
0.213940902858604,0.208964169420986,0.211643361118794,0.163428547057235,NaN,0.193343245560189,0.179080694839972,NaN,0.19227156216335,0.197442760722595,NaN,NaN,NaN,NaN,NaN,0.182119640570007,NaN,NaN,0.262173575413021,0.204661264765744,0.181930197223981,NaN,NaN,0.185093615775281,0.232337757841586,0.225919950993035,0.240864323044936,0.197399380579172,0.226572310452677,0.197728818565714,0.189835854936666,0.155699067508993,0.190102029701182,0.217440493996248,0.240214017629591,0.194047954033073,0.211912413776661,0.191674287969485,0.187649438606182,0.182136165931605
0.206964953296317,0.237091074946902,0.203458953920228,0.172462084664824,NaN,0.213049493635259,0.163998586187503,NaN,0.1586396969973,0.203918942172489,NaN,NaN,NaN,NaN,NaN,0.190506584656266,NaN,NaN,0.264943883341503,0.208294537641374,0.208221051697853,NaN,NaN,0.283613114428039,0.218917938105967,0.233296558733865,0.233662202288417,0.206365768318324,0.199419693155254,0.204472079867008,0.200210815878746,0.185754292203885,0.173087089066124,0.188971212958873,0.22780636794974,0.182236448531413,0.213591774058895,0.187075667461811,0.19102171387492,0.177612040761965
0.203722105251581,0.235895990754797,0.203109692109377,0.214905610759063,NaN,0.1278950657852,0.230927893343127,NaN,0.185622208587937,0.219012402649505,NaN,NaN,NaN,NaN,NaN,0.194712209090294,NaN,NaN,0.283417756903702,0.223316747579546,0.151404405575862,NaN,NaN,0.263351776316058,0.1977447530801,0.236161321477119,0.232350894322586,0.200699294063592,0.178874041685146,0.217412856557288,0.2169048154747,0.192908540518342,0.244852284316441,0.177765569517931,0.227474714067548,0.18846857413224,0.212373051560481,0.192968102972681,0.193450660691565,0.179145889464259
0.207057875776665,0.180738589953731,0.221092648431589,0.191245365641805,NaN,0.175189650092615,0.264650539377683,NaN,0.18169842997396,0.216370487950947,NaN,NaN,NaN,NaN,NaN,0.196200195884623,NaN,NaN,0.283992502493827,0.212420558191782,0.159232308643578,NaN,NaN,0.178820169010718,0.208072710751335,0.235999737584398,0.248884068398515,0.197616782491022,0.218053855845018,0.202587152884529,0.212551024085457,0.190460982882595,0.142554752487182,0.18980982702706,0.242896388702374,0.201246863463361,0.209606848975823,0.190746197364139,0.194620888466136,0.181656281194164
0.190686218038157,0.214923773221167,0.196440352361882,0.108267177106739,NaN,0.161704911803964,0.220096668960333,NaN,0.218623980484359,0.208086879937879,NaN,NaN,NaN,NaN,NaN,0.196391842723726,NaN,NaN,0.280734668489839,0.179994155229585,0.189151776943047,NaN,NaN,0.204316427088663,0.202385179603771,0.244940263265428,0.272706125831879,0.185302665442068,0.156805585694337,0.207456159040485,0.210812562527246,0.197483815118458,0.181423020915487,0.181149521776457,0.256012776687744,0.192852988712419,0.216468420671353,0.187859520949648,0.190578334901966,0.181663310607645
0.195962800924468,0.213197243641307,0.20664882773814,0.154248311293407,NaN,0.154511305138065,0.20367068377486,NaN,0.193028786431701,0.214827562065517,NaN,NaN,NaN,NaN,NaN,0.252163617878635,NaN,NaN,0.276699487588942,0.192430167636208,0.204115605106449,NaN,NaN,0.228942115034636,0.221290534639883,0.236110876019792,0.254447650563076,0.191805788976069,0.231332520770233,0.211863675601947,0.203750494415325,0.199239397895366,0.187645837399372,0.204694354495512,0.256128507985854,0.200364329720556,0.22060362464202,0.193309721635803,0.188416924929806,0.186903547915891
0.204934673568139,0.234635299671264,0.231916998657758,0.218690221973295,NaN,0.224879356051354,0.162125719646236,NaN,0.182123218581955,0.211807142181121,NaN,NaN,NaN,NaN,NaN,0.215705898927997,NaN,NaN,0.264052493464906,0.201966116165098,0.207502709719898,NaN,NaN,0.135039272400313,0.201936925047871,0.231628821851943,0.238269037605266,0.188003895601568,0.206367395224979,0.20064269861717,0.20583501978303,0.177586718611736,0.158693959025054,0.26790064804059,0.249852758109827,0.216437620859175,0.217185856653543,0.198938255829105,0.186459837696718,0.192457429303236
0.194436606751592,0.226515500467932,0.24062463361059,0.199772526517859,NaN,0.224937214586181,0.184205408169372,NaN,0.171697148362256,0.207161767132471,NaN,NaN,NaN,NaN,NaN,0.217347698383943,NaN,NaN,0.278099880760788,0.189123380820984,0.234972040312358,NaN,NaN,0.115888756364042,0.216658250114818,0.222206970956688,0.274374151280243,0.191716650922986,0.225267784737756,0.195047376734335,0.217717252801635,0.179017287103343,0.161325682702504,0.259030281498676,0.259314248027245,0.208527891778906,0.217592603416869,0.207858519685711,0.199138295788632,0.182748349038924
0.199986349080878,0.210973830151549,0.23201569477036,0.163373368432084,NaN,0.226843694363646,0.226706161577885,NaN,0.251206555756521,0.209753190669704,NaN,NaN,NaN,NaN,NaN,0.220787213208554,NaN,NaN,0.261084316662662,0.191189109236015,0.191225383632186,NaN,NaN,0.185877302876463,0.21918171135825,0.221985500407956,0.259359297545653,0.198997240295674,0.165999560678696,0.193068465014185,0.220072793574038,0.168692508240385,0.130067318052926,0.234207355481027,0.251912596201412,0.244913428832692,0.219859107016584,0.207348734841902,0.214517411926099,0.184058673801008
0.218046030911126,0.209388662153374,0.200174820010145,0.137911822104456,NaN,0.146588219807971,0.18313365042858,NaN,0.150927453070865,0.211212509779055,NaN,NaN,NaN,NaN,NaN,0.275918555880981,NaN,NaN,0.24536755696652,0.209301310467834,0.180608170552589,NaN,NaN,0.241744841709124,0.217399598319349,0.227908054538681,0.222997369850082,0.185884011834036,0.234279252383887,0.201324887970469,0.211854749735088,0.191511100528595,0.171327367191637,0.273470942261606,0.240334546764475,0.227997612797198,0.218156850160384,0.202915793483584,0.227426008866581,0.183889225013943
0.236037462567511,0.201033468454669,0.221112228875645,0.242888458842446,NaN,0.104831645635094,0.235498051857918,NaN,0.14057674625546,0.216966392106191,NaN,NaN,NaN,NaN,NaN,0.23370073484152,NaN,NaN,0.229704730493784,0.219558681122897,0.215853535167655,NaN,NaN,0.140468668562269,0.202960238738974,0.238893347243051,0.225128742759174,0.175246074917397,0.210198700954363,0.210775155740843,0.204877848650624,0.176543171239413,0.20454284540661,0.263396147786603,0.246286609330083,0.21372341461158,0.214433321057006,0.209484446142643,0.235585783026459,0.188636603606171
0.237705229651691,0.227019277376947,0.224954098020618,0.218516806709243,NaN,0.230887867308344,0.23823777707116,NaN,0.167143640749877,0.216671403020734,NaN,NaN,NaN,NaN,NaN,0.212996216386328,NaN,NaN,0.214256240485747,0.216016976608628,0.206629486740811,NaN,NaN,0.227261019738876,0.216762814262974,0.243954955101697,0.235771697682852,0.177302074599719,0.199676227586721,0.209696962296118,0.21538046490727,0.138175285277975,0.163554525504799,0.265542170406556,0.243427882994365,0.247187917712259,0.216341815687638,0.210533628053153,0.229989244593715,0.20210780842776
0.257340642320134,0.201000577122292,0.231203139644948,0.131544403648661,NaN,0.260675271876008,0.214195388575502,NaN,0.168032110013104,0.206275733573974,NaN,NaN,NaN,NaN,NaN,0.190657559290629,NaN,NaN,0.261045722793283,0.219606147982569,0.191929597362774,NaN,NaN,0.205032010843227,0.235815175901118,0.258974189877877,0.248761617519414,0.164986852025828,0.160934510332375,0.205874510977387,0.203174839102407,0.126112205517233,0.160559628264618,0.284656592111651,0.246881482365263,0.268728102640413,0.213419058323659,0.204008490804244,0.218370168807817,0.216997678036021
0.273434263873959,0.215804016792501,0.231187504872155,0.195853502836666,NaN,0.278358770625539,0.215998515565661,NaN,0.179634059272456,0.199505768131752,NaN,NaN,NaN,NaN,NaN,0.195165961545234,NaN,NaN,0.263633156134502,0.238532283214235,0.216390425377106,NaN,NaN,0.178184339522554,0.236356749182954,0.271511889834977,0.249988239970227,0.16906711216266,0.200027891491614,0.20435302644182,0.202399757893256,0.15380389445868,0.204078886897056,0.281896520256399,0.245295830271627,0.251081679318256,0.222514382190507,0.199035137817971,0.198025576001187,0.229231462258078
0.264479445351266,0.249502931548554,0.21336205212945,0.198950161070928,NaN,0.215283946372116,0.231456786014337,NaN,0.172336658929063,0.183798676368316,NaN,NaN,NaN,NaN,NaN,0.241305001143056,NaN,NaN,0.228974477931925,0.225367730715477,0.186079984040224,NaN,NaN,0.20227556762971,0.205703375170635,0.259225958020095,0.239269676242362,0.168352981572203,0.205633937274059,0.197121320627418,0.199391573461821,0.127113902030241,0.240893872369322,0.211167711582774,0.244082067261459,0.282134748794371,0.239118464505331,0.19568783023272,0.177795855197658,0.225230796204583
0.249993906544228,0.25295242393951,0.218599492314036,0.0760627232977784,NaN,0.135610428269383,0.1845391140731,NaN,0.1616929278587,0.175085758314436,NaN,NaN,NaN,NaN,NaN,0.233984522365158,NaN,NaN,0.244371476685456,0.208221349291462,0.208319484811057,NaN,NaN,0.205244082827157,0.216609672305514,0.259895410082354,0.252581115241473,0.180165401354724,0.244615043602334,0.205700190010363,0.180864594584969,0.173611704297126,0.246335165574037,0.221827516366393,0.247999653738806,0.310807408247858,0.239277381800109,0.189540708691124,0.180290362673462,0.202715950314992
0.247393468600611,0.240715877783145,0.21051421967686,0.112134575769902,NaN,0.196350452211151,0.145911237471221,NaN,0.124488382671486,0.174491919726043,NaN,NaN,NaN,NaN,NaN,0.202479742490099,NaN,NaN,0.278062850063833,0.2087120006652,0.233547829894093,NaN,NaN,0.220362736996919,0.230547935347027,0.253961408875802,0.267019376643645,0.184250085666589,0.195077951530014,0.210516876496695,0.175513099251559,0.157798652001186,0.243322983399396,0.241533387756423,0.24046989108003,0.288935937043694,0.240396570882767,0.187829919741506,0.183974943122933,0.185850802189438
0.218501309053041,0.217286338450743,0.187886259751915,0.144038620603013,NaN,0.136257908532951,0.201146698309807,NaN,0.140324929633498,0.173072190218841,NaN,NaN,NaN,NaN,NaN,0.223708048544088,NaN,NaN,0.251309937456119,0.229194921117225,0.22846836680695,NaN,NaN,0.0837205059929179,0.218655753257569,0.254007586442616,0.256207145449416,0.167269734861185,0.158587961362236,0.214692495798932,0.185953223678089,0.132142363137179,0.183337155770569,0.203172193978774,0.240730633885747,0.239024351069696,0.257194756989668,0.189225006376546,0.187746963081074,0.17778033723621
0.208249082525516,0.204137615162464,0.185857136112772,0.108463393325262,NaN,0.180904797790135,0.204963868327509,NaN,0.155648576916177,0.185352137777562,NaN,NaN,NaN,NaN,NaN,0.215303312515902,NaN,NaN,0.25044924280299,0.26271290951495,0.227408851816372,NaN,NaN,0.2266881829641,0.219828657504195,0.254502423311187,0.25954054010853,0.151665817376433,0.236845448360671,0.218581568268271,0.191100988030493,0.131048730735482,0.218194516138445,0.162058005868313,0.249612640094955,0.236700026904002,0.261903778416955,0.190306873569192,0.195514606339212,0.179244107905667
0.219823925367311,0.225297709834922,0.180539512495945,0.12537335806858,NaN,0.262098719774087,0.160073947349152,NaN,0.144188963938042,0.189633060306891,NaN,NaN,NaN,NaN,NaN,0.236326681402696,NaN,NaN,0.267728173231541,0.246617383946795,0.228066061275536,NaN,NaN,0.315020290717453,0.229254641285053,0.264676067964568,0.271444871031169,0.141531083576134,0.21619126307584,0.227810688143617,0.195034866393456,0.139644574439631,0.205528991118909,0.199073388942547,0.253046388720484,0.267991080707191,0.250100386851468,0.195599716864861,0.197406954965279,0.183223487370935
0.221057254251363,0.18459562986098,0.168278356680051,0.104785273748741,NaN,0.256970056768529,0.157744641847308,NaN,0.119754903719182,0.179248719924174,NaN,NaN,NaN,NaN,NaN,0.283041768872816,NaN,NaN,0.278617879219115,0.21955948546164,0.288566104067018,NaN,NaN,0.284030120527261,0.263640430169558,0.278254046798636,0.284074857947941,0.150060380263368,0.216137006843383,0.237913461084245,0.180243169484478,0.152495528517087,0.170333778864026,0.200746078172911,0.247863921668974,0.266211220935759,0.233967054243637,0.198032797668231,0.210605638211309,0.193333761286613
0.222204862612813,0.200314169208742,0.197688934722981,0.146527790917504,NaN,0.3105409651277,0.224413475047411,NaN,0.190796474292641,0.164315923753839,NaN,NaN,NaN,NaN,NaN,0.257659512000027,NaN,NaN,0.285561047885347,0.246036720106732,0.267400646382281,NaN,NaN,0.299043404595376,0.237551981074636,0.280439698720921,0.302714939356036,0.162410776733075,0.171506410761014,0.23754733331506,0.17447718192511,0.185464354251331,0.195996215797306,0.265267295995605,0.25912121226776,0.252672283019235,0.214169129916486,0.196172349425671,0.209211071727573,0.196520477184617
0.22568064625808,0.20526141419394,0.208308899005989,0.103332703223252,NaN,0.258300474426789,0.219375019826996,NaN,0.158242178072209,0.160313586031268,NaN,NaN,NaN,NaN,NaN,0.283157935271523,NaN,NaN,0.240677418241972,0.288807479081664,0.219631774103027,NaN,NaN,0.3762944321048,0.246680975009355,0.267586081939086,0.286497592502489,0.172022241976978,0.151906697382765,0.229572388012088,0.185909753543804,0.166314850700472,0.225459227107875,0.283209049467485,0.263757631518833,0.286423336626054,0.203552709482343,0.200233237669081,0.203454320358868,0.197585890137949
0.216013982135608,0.201799739140508,0.217564777626519,0.123612849018514,NaN,0.25724444771883,0.185120847630028,NaN,0.152561112892116,0.158319252714214,NaN,NaN,NaN,NaN,NaN,0.266889648000643,NaN,NaN,0.263736126115052,0.279936264772545,0.178000452450159,NaN,NaN,0.305351604978422,0.270025383857026,0.267913383585773,0.275599821000346,0.184902546211734,0.17892005101402,0.219660380639163,0.170588764130098,0.175683450761663,0.253494104817929,0.235758917557983,0.266515882650828,0.276937330293664,0.206033220515413,0.19904747297551,0.201505800377509,0.214858235624897
0.231933623463531,0.230752438954749,0.198108435695161,0.135295575995464,NaN,0.261103922337338,0.188298304338812,NaN,0.160247255279974,0.157703499521298,NaN,NaN,NaN,NaN,NaN,0.291378581270158,NaN,NaN,0.306197069189012,0.240888512149387,0.174087003810336,NaN,NaN,0.261147078953796,0.26310129264412,0.269829082595414,0.317555811805437,0.181610249612591,0.179652140228026,0.22217983699895,0.178116124265034,0.170149877041217,0.290640605437756,0.201797679099318,0.263878118467376,0.23823065417919,0.203551322665497,0.192714924176099,0.192564943848989,0.215976249952179
0.234571420249889,0.20563561447345,0.162459289939479,0.123036884973305,NaN,0.222550155714691,0.18126520740506,NaN,0.12018457164568,0.169047554521749,NaN,NaN,NaN,NaN,NaN,0.21269348456062,NaN,NaN,0.323632919747809,0.233430471134653,0.172169009553097,NaN,NaN,0.184743471505764,0.233063771053768,0.273436847056823,0.303366239065765,0.185404570265636,0.188336354944936,0.21127273028029,0.174574786700013,0.159104226147806,0.333322080936951,0.241230987140513,0.260661979282487,0.254922752068478,0.217774663982452,0.188039676960137,0.184889731307602,0.203381819863286
0.226193896892202,0.217572883645271,0.14796154584771,0.181806826554327,NaN,0.23003072567618,0.177307549573462,NaN,0.13295558634299,0.173402018860071,NaN,NaN,NaN,NaN,NaN,0.226389363740028,NaN,NaN,0.320067560302187,0.231913310655601,0.19866962643792,NaN,NaN,0.140064278587534,0.2347724970925,0.272547534160044,0.290781076443751,0.178306227409019,0.159918446289975,0.205094477400077,0.174738109433914,0.170866635048632,0.210525412845724,0.283818014305573,0.263288883131937,0.260786210547388,0.222814359684559,0.185013690249682,0.182308182181243,0.210734018258644
0.219144847256938,0.227564192551229,0.154608287615572,0.14160686175396,NaN,0.188140396338085,0.161822255912144,NaN,0.133828862763746,0.171386793875745,NaN,NaN,NaN,NaN,NaN,0.284013199795752,NaN,NaN,0.325641015944626,0.212638405099097,0.18042923994803,NaN,NaN,0.163587604265696,0.221660082694421,0.278292092490676,0.284997134624008,0.178262790862623,0.142801019655864,0.208514778018544,0.189079880134644,0.171696398592004,0.199539714200029,0.223500074478568,0.273314359510916,0.266224784789245,0.229882774050811,0.186670269196867,0.182312885590304,0.20172729522866
0.229789585865448,0.226516938504884,0.161382177464316,0.0887766310654703,NaN,0.224906670548146,0.163398602952388,NaN,0.14793915273139,0.180121886619568,NaN,NaN,NaN,NaN,NaN,0.267328982042665,NaN,NaN,0.314159319568639,0.223597878336264,0.185187344297123,NaN,NaN,0.268539373007035,0.240200113056157,0.262542429346377,0.27986243485766,0.188327891189783,0.216059021862256,0.221815429818687,0.185753287310634,0.183767268651513,0.215578164544374,0.207195202489321,0.264691397959517,0.277860925112368,0.225646228122964,0.181999171126624,0.178178093232938,0.197475433528272
0.220036584928258,0.247783306050114,0.197629499901905,0.131836085585263,NaN,0.199702132042003,0.165523074793697,NaN,0.175599595532788,0.179215671474222,NaN,NaN,NaN,NaN,NaN,0.269308333936133,NaN,NaN,0.27451188781539,0.204805221675928,0.224423397060937,NaN,NaN,0.264075547844945,0.221490905718195,0.258731514566222,0.318575987379845,0.187440023234112,0.190244304315918,0.228155656313823,0.188591803718962,0.19019090674431,0.230050319626986,0.225697638890875,0.263541295690741,0.283239527098246,0.231914501737718,0.184719668652031,0.176762768034443,0.208803781865199
0.223956750950025,0.241113903604621,0.185406199075007,0.135634708120084,NaN,0.124218602487523,0.155505243860574,NaN,0.22635399732479,0.183015222607069,NaN,NaN,NaN,NaN,NaN,0.235156546039644,NaN,NaN,0.254902939387972,0.217942109411425,0.215426398260279,NaN,NaN,0.187905292912801,0.207935611230864,0.266286167675205,0.342095046839804,0.181607867320852,0.188029458326281,0.231208105474544,0.194643831151943,0.158869256064668,0.166659828758785,0.227968663859357,0.267982037371844,0.244217510192767,0.228432981818702,0.179865351835328,0.181656899997956,0.196510533324527
0.214295965420816,0.22536676454621,0.184161909512834,0.0885031007608542,NaN,0.150306182681297,0.140470238483028,NaN,0.192504428887859,0.188484312335298,NaN,NaN,NaN,NaN,NaN,0.192386923836031,NaN,NaN,0.276733505627978,0.194026091100232,0.189851704291222,NaN,NaN,0.301304161897286,0.20282385798049,0.262109604481233,0.328232693293742,0.188799978351068,0.153085106592452,0.234659231669367,0.200330611321711,0.162579039792779,0.187994282379552,0.24620510902534,0.269900502571594,0.234893555083485,0.216381174365071,0.184893809692521,0.189359500739868,0.189257042309374
0.211077825085433,0.204830029941698,0.198998686010279,0.129201874619437,NaN,0.112344033655473,0.176842505158831,NaN,0.111593872363203,0.179636147775422,NaN,NaN,NaN,NaN,NaN,0.209898646894433,NaN,NaN,0.263221099025488,0.20105661622846,0.171993866251525,NaN,NaN,0.320690919923504,0.20825033440967,0.255721570186673,0.303039668948788,0.191012010923115,0.181616489875737,0.240208429549743,0.196904961995684,0.157310928060256,0.219311084732729,0.259533839170929,0.286792485340318,0.219867738957999,0.217165801784975,0.189770931441952,0.199695586994462,0.189724522567228
0.214973247158167,0.206490812935152,0.197239155688329,0.196102620101534,NaN,0.128414934382991,0.125362923858262,NaN,0.198466248924511,0.182688462942464,NaN,NaN,NaN,NaN,NaN,0.227268343207345,NaN,NaN,0.254888340888539,0.21818968308789,0.187389300938726,NaN,NaN,0.181349581868772,0.2243891548508,0.257899164701693,0.284557734093664,0.18135451119407,0.213003371597729,0.241703773298385,0.196358879910247,0.166013669774621,0.206895183621033,0.274570636490916,0.29093676445818,0.245329272948674,0.216073927015356,0.193499295089119,0.204337958519961,0.196526336025481
0.190438215137002,0.209206988055328,0.17781954037578,0.152314610225548,NaN,0.149664838121929,0.163663436196248,NaN,0.20704186906712,0.186048131259937,NaN,NaN,NaN,NaN,NaN,0.188263414757599,NaN,NaN,0.264794134423595,0.221740834472562,0.204290266547619,NaN,NaN,0.218333141033258,0.221579669531185,0.262516776397021,0.319527952917658,0.178513785063751,0.258543758173337,0.239464883774599,0.193675980175115,0.185496967589947,0.165019316167158,0.298873732629598,0.282348878155945,0.308265074428464,0.210557572272085,0.192306214689242,0.212047920392847,0.194627736604821
0.193034164780613,0.206054631410918,0.187375241206208,0.197449239722474,NaN,0.164579765374486,0.153139614472642,NaN,0.187243786296057,0.178951195291048,NaN,NaN,NaN,NaN,NaN,0.191832134233233,NaN,NaN,0.266598786326637,0.219197166169473,0.233195988773195,NaN,NaN,0.260743049618037,0.22327548634306,0.271198364560976,0.362195574721968,0.177989843964108,0.247313956002127,0.233781493797244,0.205679806657756,0.163802266521994,0.201284657662653,0.36984899865185,0.27573831674723,0.309622451739498,0.206026776557193,0.196998033163259,0.214571824027599,0.192723068567064
0.194810941460503,0.182343005045665,0.163891199939333,0.17649850423583,NaN,0.202046308224329,0.151953122408304,NaN,0.191214895220754,0.171220489367298,NaN,NaN,NaN,NaN,NaN,0.182002384714717,NaN,NaN,0.262312659444208,0.216733244053814,0.237638321042247,NaN,NaN,0.189487419608236,0.232221496183945,0.2703663303522,0.354533029328108,0.190381352514518,0.14487723812834,0.226558881673322,0.20454058518116,0.177795719360045,0.199414950145236,0.368763315606654,0.285574949760595,0.304475939491761,0.197905006412634,0.194827840239827,0.216289994553957,0.213154071888593
0.192537887922777,0.207884865159281,0.203664012821382,0.126798695467603,NaN,0.129744678732115,0.162030171129068,NaN,0.188061091881811,0.180802056609577,NaN,NaN,NaN,NaN,NaN,0.18208875277019,NaN,NaN,0.261077800781458,0.215072891757617,0.255905528697702,NaN,NaN,0.228169919386292,0.247810540373347,0.258394342923982,0.306660526206871,0.188607124425405,0.194906118659945,0.223805551184175,0.210905532146788,0.193367090447169,0.194438495354265,0.281073122507981,0.294286338520276,0.30532074650889,0.197373635887081,0.198847200920597,0.229139394167419,0.22116065637562
0.195669043805576,0.220320764282548,0.217055731273738,0.13620632434855,NaN,0.151893223574319,0.153081941495385,NaN,0.162897348178002,0.182991816819387,NaN,NaN,NaN,NaN,NaN,0.213738608677567,NaN,NaN,0.258301756361979,0.24455005686583,0.286518095630392,NaN,NaN,0.270510232977231,0.220473818494472,0.253119348932265,0.257108975856847,0.182257563748643,0.211220505629015,0.217693597419112,0.209989032731091,0.188065953450525,0.213531669445323,0.232522313045737,0.289994750839457,0.322719418193264,0.199369587317808,0.204282041607758,0.230350578154918,0.213648348353302
0.203132128183973,0.243323170664356,0.190725204022236,0.194059428777893,NaN,0.161642754986124,0.146684768633781,NaN,0.187777057564427,0.184307040883635,NaN,NaN,NaN,NaN,NaN,0.208244026803938,NaN,NaN,0.271918918982757,0.24747589810074,0.32211111850988,NaN,NaN,0.224677402550147,0.239434524937813,0.262878051257756,0.264462250515376,0.193553086035455,0.173091004718268,0.219843783991589,0.19166682771031,0.193795441509744,0.231635869427222,0.211078012411588,0.281241194187704,0.321636885138604,0.204200878130802,0.203331915995204,0.232046776185357,0.218420715158573
0.205080524815165,0.280179007230263,0.183076086268092,0.0987181888029227,NaN,0.192267353099753,0.156660003791565,NaN,0.161471498222414,0.188595831995455,NaN,NaN,NaN,NaN,NaN,0.226586831832166,NaN,NaN,0.269295276629051,0.250699003687333,0.302998191507135,NaN,NaN,0.163489370522953,0.261304423192789,0.271708646832199,0.298968002983502,0.185919908408938,0.196181173634181,0.218586765127062,0.190975339762431,0.163156892636186,0.20880031307125,0.183428842839815,0.285393648500365,0.30089609625098,0.198374645133171,0.213042654319671,0.227754175255249,0.229523377535799
0.207912886578292,0.261521194210924,0.190905742851311,0.0933213396871536,NaN,0.22123932627756,0.140588734704336,NaN,0.205853707516999,0.189276099980247,NaN,NaN,NaN,NaN,NaN,0.21912806719035,NaN,NaN,0.267286850097025,0.272771545106953,0.258849576841953,NaN,NaN,0.248953855713804,0.295324347563655,0.260965245794945,0.286870746476718,0.18374145207691,0.224803346604309,0.220686715084465,0.204134314120166,0.198172138811289,0.22015653882488,0.187702359716288,0.297514441917145,0.264895130592023,0.200630651163792,0.206391025544956,0.228162388632651,0.230610980356232
0.220293073630405,0.262082153532961,0.176062248417817,0.148583147671355,NaN,0.163547547906204,0.183848674393902,NaN,0.274506918020083,0.193983265960957,NaN,NaN,NaN,NaN,NaN,0.158462529704523,NaN,NaN,0.263124423925502,0.245049217120129,0.206656120629532,NaN,NaN,0.244298006450373,0.324031163704884,0.245250367761644,0.297244594619856,0.195579063323343,0.198966574674871,0.215543808275889,0.208399411562957,0.171952741078903,0.231070187138574,0.18005317134721,0.306138415598901,0.245400333432843,0.209980836546006,0.207969928641279,0.221660440057276,0.237930263831285
0.220100273510431,0.262750454389139,0.185854507109205,0.151078454510715,NaN,0.220404452948829,0.182456305599453,NaN,0.247572348801093,0.193751668273196,NaN,NaN,NaN,NaN,NaN,0.212498405813849,NaN,NaN,0.255464632443824,0.249039043646496,0.180097330619076,NaN,NaN,0.177142179664885,0.303955422766592,0.254580891715316,0.343622619487931,0.21261497288659,0.212842253448805,0.221205283003489,0.205047458281518,0.191074125377074,0.194041230012437,0.177967091697075,0.29629538071771,0.21981729826548,0.211987696900566,0.207800401900926,0.220463475802904,0.243447847587804
0.19523971603134,0.26719494424381,0.17409548889499,0.0887131106833976,NaN,0.20587035556402,0.188728608892269,NaN,0.224516533591345,0.207068368735394,NaN,NaN,NaN,NaN,NaN,0.180277358176001,NaN,NaN,0.215619103625987,0.260105111433363,0.148846142867279,NaN,NaN,0.142697528973731,0.297202940501374,0.265256251764325,0.347916292352419,0.228441047278491,0.181649077980944,0.221827528598866,0.205565635926467,0.209349737573407,0.177826597550665,0.188400469072206,0.290681299499685,0.187199421767859,0.211628863551743,0.204324966966674,0.220555973733114,0.236966023683827
0.199624117499625,0.251685418105537,0.204058798073867,0.178815595696767,NaN,0.174101228379199,0.209149651147313,NaN,0.214206700985764,0.211165635559656,NaN,NaN,NaN,NaN,NaN,0.141932724076097,NaN,NaN,0.229255977812768,0.238905194461452,0.149156914463018,NaN,NaN,0.118960338823463,0.276070487841221,0.261456330188738,0.314304514259603,0.247958322984967,0.142490568848454,0.218133794397171,0.195536124179641,0.190152513398806,0.187726652142342,0.206756357402762,0.287435454564164,0.202496815295149,0.212758900721745,0.198133386218588,0.217102820303715,0.219823914841664
0.196404910431049,0.237687213248473,0.196782268357738,0.258634783114142,NaN,0.242426431069715,0.218363913732489,NaN,0.198856643173232,0.211230944280335,NaN,NaN,NaN,NaN,NaN,0.191706410265147,NaN,NaN,0.27096519023042,0.225037838628998,0.183284095007921,NaN,NaN,0.0882050286596225,0.246648194319254,0.255672518537224,0.305103466242275,0.238118602279675,0.166213457017867,0.222037356973831,0.192658163777679,0.2215718659714,0.213960840366177,0.188912147599343,0.271701130593494,0.190527926868526,0.220145046666967,0.199731633836834,0.208388964366061,0.216984781916469
0.206615659203131,0.254909545265579,0.20299805444469,0.214313196583529,NaN,0.200864668257371,0.20230221854826,NaN,0.177151099300026,0.211862455685464,NaN,NaN,NaN,NaN,NaN,0.202934024972233,NaN,NaN,0.267007620027247,0.204264229106705,0.151407663588781,NaN,NaN,0.15590188206515,0.227234556199672,0.260979844882722,0.307584859511701,0.207318734819095,0.167782207676933,0.215952501696716,0.195293674325639,0.203439846116451,0.214047813345943,0.1616268011528,0.265273417524473,0.18118766132589,0.213201018678058,0.1955977716883,0.199798113627727,0.217246565134394
0.194379588667799,0.259958510152149,0.216396150503678,0.263358105581818,NaN,0.214467273020174,0.201049555985408,NaN,0.119921964715808,0.220806098096048,NaN,NaN,NaN,NaN,NaN,0.172916270552031,NaN,NaN,0.241054567506569,0.194531911107268,0.179214326194128,NaN,NaN,0.159782855485033,0.229317310084029,0.279997255279412,0.294884282329135,0.215962541548615,0.195903736565225,0.21569197407323,0.195306515953172,0.195683134650508,0.188438422003101,0.16792896297843,0.277093413627717,0.178963972694879,0.217534251457215,0.192017448361301,0.196391921692442,0.190686389290686
0.1840905399166,0.259791044948689,0.217929680798141,0.215937972233366,NaN,0.131072829543063,0.244977356948172,NaN,0.155082578002995,0.232818699597732,NaN,NaN,NaN,NaN,NaN,0.170391788435237,NaN,NaN,0.271310200356418,0.199849752503539,0.170393325743849,NaN,NaN,0.169727286432815,0.217238353457401,0.282766826554524,0.273010790919056,0.207550895695096,0.214042940909709,0.228778535184893,0.212701822545915,0.152796906481063,0.227406966457633,0.178890686575146,0.273617746459607,0.187886794450404,0.216046640951305,0.192867938514129,0.192554967612586,0.200775410566806
0.180004115918044,0.26935896765492,0.206625962050201,0.107991727369342,NaN,0.177152654376637,0.225901019188836,NaN,0.200450538826731,0.223976878564212,NaN,NaN,NaN,NaN,NaN,0.20174535464503,NaN,NaN,0.244598098835188,0.197954841321404,0.166816305120742,NaN,NaN,0.143155509036071,0.211165143539095,0.279871617974176,0.266606715276415,0.211242693280211,0.2166420788075,0.2282300566845,0.232717650322307,0.172988894380718,0.232867612075905,0.203502685793822,0.260571395347447,0.168492262927755,0.208677895834988,0.197491945044273,0.18638735703095,0.20070874461769
0.184569728821604,0.252578242494265,0.194605423236303,0.126058402643088,NaN,0.244496340250054,0.233506586458685,NaN,0.202966475727572,0.230333737077929,NaN,NaN,NaN,NaN,NaN,0.171330269559992,NaN,NaN,0.237142696042027,0.183790913710778,0.189908117120231,NaN,NaN,0.107851002693157,0.204124569525644,0.277248002526985,0.255380050340952,0.209201425699147,0.244332651923804,0.227003273881288,0.243205427272882,0.14124120424072,0.187896574389842,0.155917136734902,0.272726846721973,0.175447289846981,0.213605532788477,0.196110622317292,0.187020924083507,0.191048617758241
0.182395452974137,0.24343156389231,0.204998100307539,0.191165201960247,NaN,0.138096704768202,0.239917038798998,NaN,0.192812821583272,0.243693147326515,NaN,NaN,NaN,NaN,NaN,0.200162384055842,NaN,NaN,0.290249943550134,0.195823984484433,0.19588445431856,NaN,NaN,0.0898271375076235,0.201116091957737,0.283919197708786,0.253815208267669,0.196694169183942,0.192012392785856,0.238468208107769,0.250935927016607,0.170715502184473,0.250736202456931,0.188204079782018,0.288528743801746,0.171609110156591,0.222499794306732,0.189250386734684,0.182837886952179,0.186449317667561
0.192180311289087,0.228605211335401,0.215239016325375,0.16110253677434,NaN,0.242475696834195,0.217505789396631,NaN,0.185055874478879,0.246190413508505,NaN,NaN,NaN,NaN,NaN,0.14415907714127,NaN,NaN,0.279417594413991,0.201938172831321,0.154417985928317,NaN,NaN,0.146578265876268,0.20649345721034,0.280492875813648,0.252075126326531,0.179352474412197,0.1330030416966,0.234540906232266,0.251223355344254,0.156299837462979,0.187614355465728,0.194119029179912,0.281061752865763,0.181107953097994,0.22598048864742,0.19040667361404,0.183140622235127,0.198393037850058
0.193244393107175,0.207185684601459,0.207692929720037,0.193843059527331,NaN,0.237134783703124,0.218404281860361,NaN,0.12877396890087,0.247733789376476,NaN,NaN,NaN,NaN,NaN,0.138681098153179,NaN,NaN,0.255028732917913,0.194842600301314,0.170662443978299,NaN,NaN,0.266871683704284,0.174860325018119,0.255763786375039,0.284357289932451,0.172078837442381,0.170996891734262,0.235859119667556,0.240210571672625,0.158203764157753,0.188500115138463,0.201837895679718,0.267828640014434,0.175008087469338,0.225293827706547,0.189945737375388,0.180492625880433,0.207003837798866
0.194548435464525,0.228101907468365,0.216999044859169,0.180666196739744,NaN,0.221593178923015,0.249216186243618,NaN,0.171595848635002,0.242782064704093,NaN,NaN,NaN,NaN,NaN,0.165084658968395,NaN,NaN,0.23724530625745,0.179359437472278,0.2089789047394,NaN,NaN,0.31463579098222,0.190719802982712,0.243372023259619,0.333603325545004,0.179366565852998,0.18176776621266,0.23335443282708,0.219120587747069,0.153417441888374,0.220486400174097,0.214881705293401,0.268391397089106,0.190152098330193,0.23773176244914,0.187358231244117,0.183948015139804,0.199043161790005
0.194685085176836,0.238839722097742,0.268511310758212,0.166784870000253,NaN,0.214288648155642,0.256690177796494,NaN,0.159923722906273,0.233575892933887,NaN,NaN,NaN,NaN,NaN,0.156978723638419,NaN,NaN,0.260260331421353,0.183480121788842,0.20623926540083,NaN,NaN,0.21182843802339,0.194497251947424,0.260368163370211,0.329548288179545,0.181818681363141,0.166839456672334,0.224228933724351,0.225427087104979,0.161092931201544,0.186032039826641,0.216172872276497,0.286578547602883,0.190950954928837,0.241730301267664,0.181763773004882,0.189672105753669,0.195798100729447
0.195623557768175,0.222830321521014,0.243180439131153,0.185116314872099,NaN,0.121358362302254,0.237445592906934,NaN,0.151679515860028,0.23624214465772,NaN,NaN,NaN,NaN,NaN,0.138690045461301,NaN,NaN,0.248557120820715,0.197083740568322,0.211149791754665,NaN,NaN,0.163088388796866,0.202221007484365,0.26772901021772,0.322015949331515,0.181687258679081,0.187534338320013,0.236868955132174,0.211029405163106,0.165077862897559,0.203406934983771,0.173676355644231,0.284508763990452,0.187004253362271,0.236234455277776,0.183118509068059,0.190360141318687,0.194629009553752
0.184676344912241,0.191182866355023,0.2509501641534,0.233408546702809,NaN,0.221944039744617,0.213839331183002,NaN,0.121682671841778,0.227433209333857,NaN,NaN,NaN,NaN,NaN,0.157657192371335,NaN,NaN,0.237814169465491,0.202304928075616,0.194614945370753,NaN,NaN,0.0900093220265703,0.190627610403547,0.25644200807074,0.323488447063266,0.187725305176261,0.226262386022169,0.236560684569272,0.203007205596082,0.164631978968347,0.213487301299255,0.167900920673153,0.274089662345557,0.207566365842208,0.233303850323069,0.185590234501988,0.189028688654536,0.191118330499985
0.189881346436296,0.216880387309999,0.238234486127815,0.183832757955852,NaN,0.260183941163053,0.264822217829647,NaN,0.121883638920451,0.218175262952734,NaN,NaN,NaN,NaN,NaN,0.143483984095928,NaN,NaN,0.242774826257962,0.192130436482679,0.199706673438025,NaN,NaN,0.12734084110258,0.174985780642784,0.245227833217444,0.347849357599311,0.179584567654478,0.157329928624763,0.233696070600212,0.204077286904973,0.186276573218441,0.239033633281286,0.195510888495395,0.278133976112761,0.207604329318758,0.226208444191755,0.1882060584595,0.194983712619971,0.197931371676246
0.194375198307597,0.216911646078767,0.255839462313419,0.224360564943737,NaN,0.306406708024568,0.21344517424659,NaN,0.134051822116038,0.204313778055002,NaN,NaN,NaN,NaN,NaN,0.155132919868425,NaN,NaN,0.220022875113296,0.182161517303646,0.163433657508124,NaN,NaN,0.229105287004888,0.210289679965939,0.23444915533708,0.386975998711355,0.176042908776482,0.134090053869812,0.241699996336102,0.215307868703744,0.180180561252731,0.254529753183269,0.225254347502504,0.277379918588499,0.192079294198885,0.219795410350642,0.187817991040238,0.191668840498184,0.212210387635236
0.192736168474873,0.236589918020313,0.293940403493944,0.114706204562241,NaN,0.185781667657665,0.230501407494341,NaN,0.140406882459878,0.20528457605074,NaN,NaN,NaN,NaN,NaN,0.148070150426372,NaN,NaN,0.243240987488799,0.193317721241993,0.197968946593941,NaN,NaN,0.222035908134456,0.199244551534751,0.223398827759509,0.386707605342578,0.159599957716076,0.163901024316946,0.241178723004368,0.224743512797742,0.170031690782472,0.245429223613261,0.207106381922939,0.27044339905343,0.197302071348379,0.211343332845459,0.185509220371335,0.187817047923045,0.203111542524465
0.184211030035725,0.215284451482707,0.285544328825434,0.10527938384627,NaN,0.110400012615213,0.192938737890437,NaN,0.148787604378077,0.209386874756471,NaN,NaN,NaN,NaN,NaN,0.175074658536779,NaN,NaN,0.246420961609868,0.208008399740907,0.179720478623727,NaN,NaN,0.199286095997417,0.205975255507784,0.224772035224214,0.356836410002001,0.176342595771393,0.17787695414141,0.235339661900818,0.201583900125412,0.149816047930378,0.263347479950678,0.160340837686276,0.285266319542615,0.208394596544071,0.212757840102175,0.185298710252563,0.185257171176824,0.201412887011696
0.196499054534014,0.218015269155692,0.244159836954663,0.141563705597073,NaN,0.162435441684185,0.193893609381314,NaN,0.137094803838369,0.207762482312203,NaN,NaN,NaN,NaN,NaN,0.174210496062738,NaN,NaN,0.210405305467422,0.20113379561115,0.160715864816726,NaN,NaN,0.292660493769514,0.211871098669881,0.217692125327749,0.320018820944223,0.193502593051172,0.212083038492342,0.24382517720661,0.193346822942745,0.191192161830723,0.265064235861904,0.185263064003154,0.284691960026665,0.208108774947372,0.208966916506627,0.184700974027568,0.181307209322783,0.203283431301635
0.197271431219902,0.226208715125135,0.272280182181509,0.148578559410218,NaN,0.166391545791324,0.219152504255096,NaN,0.14655674992952,0.199642197272755,NaN,NaN,NaN,NaN,NaN,0.159327530875634,NaN,NaN,0.219968801214196,0.225919507587184,0.169204096756756,NaN,NaN,0.388183920369639,0.191278415585207,0.228154209006992,0.314522060426211,0.183860298833817,0.235596150049636,0.242996863615054,0.197283129780344,0.156137220118269,0.220247868416483,0.156147043531581,0.294580759284366,0.215457074874471,0.203695188240774,0.181206591306461,0.180687739816949,0.19714442664131
0.183797294307693,0.239225584734657,0.272674126678586,0.201454888693384,NaN,0.188610317675997,0.207105459988903,NaN,0.12828610202359,0.192040139982277,NaN,NaN,NaN,NaN,NaN,0.125879950392994,NaN,NaN,0.233539376672279,0.217526826854345,0.167171708852653,NaN,NaN,0.305218989246722,0.231862483634671,0.227048679892264,0.321183186675531,0.183867476261672,0.196776511129986,0.232646548562875,0.202297700788194,0.181110189945951,0.215192374166271,0.179753369660096,0.302429513335857,0.208271783333834,0.20913979963613,0.182690862581259,0.177905251952141,0.200619083513712
0.182475376672821,0.237932464929111,0.26641267423831,0.239831716489474,NaN,0.19054698184669,0.201039457479624,NaN,0.153559478128791,0.191742575621189,NaN,NaN,NaN,NaN,NaN,0.150119694126006,NaN,NaN,0.225414897150981,0.22281808879466,0.209401293542603,NaN,NaN,0.160049204458612,0.199057658452514,0.223049787110949,0.316500418118778,0.177798337977391,0.247584158730007,0.226846108427666,0.206029848248103,0.206567894272193,0.239538418907269,0.18618003202913,0.301405365872366,0.202764810088346,0.202187642119299,0.181933554426052,0.174405727255788,0.19035301047676
0.18991933970166,0.223705332764196,0.244629600836834,0.123877094034219,NaN,0.163966904059356,0.188057929130687,NaN,0.142353934006696,0.195607521121445,NaN,NaN,NaN,NaN,NaN,0.172204183603064,NaN,NaN,0.20642207530966,0.234429037713263,0.216458391355312,NaN,NaN,0.181915330770114,0.218985946606473,0.22449567949262,0.277007763638629,0.188356937789191,0.283989325500246,0.228302221798737,0.188629542412045,0.232728112280803,0.252140351586327,0.177718890909349,0.304789988919525,0.205126690764459,0.195857247269436,0.1829993837202,0.18218064382773,0.199032913027183
0.186325481240209,0.213126977586128,0.204123523954172,0.197193193666378,NaN,0.148970158141551,0.185692698956136,NaN,0.127797708588593,0.186729482107938,NaN,NaN,NaN,NaN,NaN,0.179668420465322,NaN,NaN,0.207120802905377,0.20769536179218,0.173758940035114,NaN,NaN,0.19285191336645,0.195049866274512,0.222939140286739,0.256595317773331,0.191567210393696,0.281760354179947,0.220311361228787,0.202314697851924,0.224182595207918,0.309565245358616,0.186964270921894,0.304591522351431,0.20969500976395,0.196186583745464,0.190265330505093,0.183324175440532,0.195903458872088
0.196986148061231,0.172349083209149,0.185715858300989,0.213516469485558,NaN,0.197997977919933,0.218960403716228,NaN,0.106050153188,0.19267000532626,NaN,NaN,NaN,NaN,NaN,0.176108437590864,NaN,NaN,0.189481351770841,0.211109659941073,0.180578309256537,NaN,NaN,0.176120374502714,0.197409401816448,0.213796894435536,0.250463433531377,0.193912834422838,0.184156605433577,0.222843953726151,0.199677904343735,0.198881915854916,0.299845607534006,0.16392376541772,0.298448791443242,0.207429470399323,0.1930220801066,0.187442426968839,0.184807252790988,0.191106845452162
0.212377620373078,0.210942329178938,0.218382662234626,0.152536164615552,NaN,0.246456131427603,0.246475989213993,NaN,0.139717053336756,0.199876323559714,NaN,NaN,NaN,NaN,NaN,0.159013687956791,NaN,NaN,0.196582782369808,0.213629786183089,0.187054484576419,NaN,NaN,0.329456471409965,0.216067945214605,0.213186639170235,0.239523806943362,0.206337879331505,0.15133422156226,0.232161755105282,0.186733026703863,0.158660497063565,0.234182839997357,0.172160176763781,0.296897055846523,0.209934198523877,0.195852010234916,0.188986272252596,0.183692700257688,0.192621041902228
0.228427596184581,0.207319834466476,0.225476766244182,0.174807282066575,NaN,0.223073864419666,0.205466131782062,NaN,0.126255653190012,0.199409643299079,NaN,NaN,NaN,NaN,NaN,0.216601163842195,NaN,NaN,0.208712594131258,0.204562196227621,0.226419019629332,NaN,NaN,0.27372895717786,0.217839251156475,0.214540132489162,0.213791923203063,0.208693839109351,0.232478567399244,0.230274019159664,0.196065716968998,0.15555419969093,0.227443775491504,0.195126500412342,0.300582048373472,0.223348382230243,0.207245336057924,0.198246637142128,0.186034279389304,0.19333140263959
0.250307635082392,0.220999016044079,0.212543609148169,0.162762596708885,NaN,0.230807263338185,0.205753827351816,NaN,0.076486290008908,0.190900652336948,NaN,NaN,NaN,NaN,NaN,0.20992642836551,NaN,NaN,0.210994552404005,0.213320950840229,0.203255958815516,NaN,NaN,0.165110819733787,0.195089991225888,0.219775259902147,0.214219924674284,0.209507856991044,0.222770467375332,0.228810015193523,0.210148448252123,0.157779728887905,0.183386080847386,0.236977278472396,0.29634956237934,0.218227072842607,0.20684596434484,0.198131697767859,0.184444898478827,0.181816882294
0.250927069349537,0.203183448907838,0.187669949307911,0.151804659837763,NaN,0.216231502587147,0.226721000345069,NaN,0.114399116624799,0.192932772744794,NaN,NaN,NaN,NaN,NaN,0.203588280874166,NaN,NaN,0.196967931562274,0.206886734276965,0.223009052285882,NaN,NaN,0.137557241027549,0.194679542212807,0.213089793362487,0.22615782483699,0.210155482203784,0.12064267559908,0.218696616370189,0.194397348908184,0.194656142507628,0.207547088860869,0.190578555092789,0.280526688423747,0.227209564820627,0.203053661209285,0.194021058724746,0.18421888800676,0.175906024351938
0.24629719491469,0.196452712745986,0.192827107646913,0.139233767256403,NaN,0.171110357024813,0.172572448268608,NaN,0.142815062669383,0.192626430148566,NaN,NaN,NaN,NaN,NaN,0.272172193841418,NaN,NaN,0.186415347555423,0.213994369331221,0.231770109837387,NaN,NaN,0.259262446881509,0.217001169498028,0.215721142030983,0.201318716353247,0.207772690283036,0.167172791961655,0.211481260518648,0.207022651862057,0.172074156977876,0.224899595550987,0.163521384903555,0.265126358313262,0.239042465679531,0.208299550982986,0.200061589967237,0.185001986852451,0.181286029966538
0.253742101214704,0.193787630407269,0.178266903945248,0.202059250842483,NaN,0.199147795612744,0.240226275598533,NaN,0.108341128910887,0.183151473106754,NaN,NaN,NaN,NaN,NaN,0.260434896688611,NaN,NaN,0.216776635758557,0.217873608237576,0.231532001715111,NaN,NaN,0.359187954116974,0.190279964888864,0.219952086261363,0.24862342655988,0.19221552389344,0.215470352639232,0.208810313731802,0.199194755740905,0.159474502083725,0.249281863821291,0.226277203436279,0.256080820960473,0.224839445786087,0.213628779522918,0.197628990803896,0.186068960011038,0.187010760045804
0.235170025745992,0.164585298726079,0.166895875527885,0.194397745315582,NaN,0.24049432483489,0.236684209275402,NaN,0.0886965526969606,0.167246584089831,NaN,NaN,NaN,NaN,NaN,0.23731860240267,NaN,NaN,0.207780201235159,0.215583575061453,0.221963058662582,NaN,NaN,0.277365788505797,0.181288465958705,0.236214188138111,0.267017505820073,0.184131359775899,0.175484272668142,0.206721648371843,0.188078950779992,0.133989680138375,0.238501926078672,0.234075122949434,0.234787918946494,0.224619359045746,0.208697928606472,0.191528841982435,0.177745775588731,0.184470110846419
0.177415840676611,0.133912848692767,0.153653589547502,0.138972083226662,NaN,0.179097567624927,0.177619674790089,NaN,0.0924740350056888,0.136219330867808,NaN,NaN,NaN,NaN,NaN,0.188624237587349,NaN,NaN,0.158161510336929,0.170827916873113,0.173520433904103,NaN,NaN,0.184728292662317,0.148445143103483,0.186015869985333,0.201823526382533,0.149581587858326,0.136604217957651,0.164501675934366,0.15539078191863,0.11078905237991,0.176168469619027,0.180882993009075,0.17576430209806,0.180728328566267,0.165595994132024,0.155946098609288,0.143803869316597,0.151093736103124
