HAL53,HAL54,HAL55,HAL56,HAL57,HAL58,HAL59,HAL60,HAL61,HAL62,HAL63,HAL64,HAL65,HAL66,HAL67,HAL68,HAL69,HAL70,HAL71,HAL72,HAL73,HAL74,HAL75,HAL76,HAL77,HAL78,HAL79,HAL80,HAL81,HAL82,HAL83,HAL84,HAL85,HAL86,HAL87,HAL88,HAL89,HAL90,HAL91,HAL92
0.985107438204758,0.870422546046407,0.906420294392271,0.959297663985384,0.94555718270119,0.97806362503074,0.933088818726354,0.951776288351939,0.918248617934189,0.909046212994378,0.91322694583485,0.947055013317523,0.941647755206168,0.893098844934543,0.913091753503133,0.91141846970396,0.940924574165935,0.944697423771938,0.975990813923971,0.859427075651322,0.852363372221899,0.880980559446038,0.86525114682885,0.861126477504028,0.852436404420217,0.85026702630772,0.869082757817239,0.896264781488431,0.86474271872014,0.867534475505784,0.855009031156359,0.855086339002804,0.85089011884116,0.857816731620544,0.862709246714519,0.858444968128991,0.859896871089772,0.859257631810124,0.859398278630724,0.857432665186266
0.982402835853239,0.865109885769548,0.894143101868523,0.945289468786089,0.932443946870632,0.977034491562234,0.92521450236157,0.942548525157842,0.905639180372386,0.899118610027342,0.905576182537845,0.934424539153901,0.929130302437072,0.887192777632008,0.90619405434811,0.900591693662437,0.930792864936095,0.933523749785429,0.975457476975224,0.856435952067278,0.850999895723163,0.877598711209321,0.861466288810934,0.857847335715909,0.850301948141179,0.848856422589964,0.865934786382416,0.886114640754526,0.859850249943703,0.861896093314597,0.851578830350738,0.852776239803754,0.848663349702686,0.854278848595233,0.860011978908875,0.856766782448922,0.856986077355213,0.857723687983588,0.858487760076009,0.854321334289617
0.983225757164844,0.86169671379643,0.883710378621047,0.934715890456561,0.920859782943935,0.976398051473272,0.921443394383759,0.936550196405099,0.896822452480263,0.89440021628615,0.90201935189711,0.925762484168489,0.92057802342311,0.888407486107777,0.901816896200967,0.89544665096523,0.925129055926519,0.925503588364535,0.975304065941476,0.85708223925154,0.857284267735476,0.879566727922132,0.864516955305477,0.859116724920933,0.851954175783178,0.851968664235695,0.862871758037381,0.880805679953978,0.862375227386883,0.859443726136899,0.855767395283568,0.858144753845828,0.85109378116336,0.855087811795124,0.85839939529914,0.857589207865646,0.856753822863837,0.859469450345995,0.860914329097076,0.857643591590526
0.987137527671141,0.860236238222059,0.87602529996578,0.925586473574782,0.914427461429544,0.976038293107496,0.91753170864277,0.932722425851456,0.889056507593827,0.89579128270574,0.903990475782716,0.920972941613166,0.915323993507077,0.895872125198455,0.905591429228227,0.894282137410172,0.924041801651375,0.920745171738427,0.975395895714428,0.860792368297788,0.86710628778463,0.88533558989274,0.872424160085496,0.861414197931863,0.856357250980652,0.858655733019136,0.860002314287162,0.880227292437926,0.86858861657303,0.86021478427336,0.863255505912242,0.868207266735173,0.857472520361312,0.858695802740989,0.858237164462628,0.860009067962044,0.858012807897427,0.864184342115602,0.86464072393304,0.865165893440805
0.992012057436174,0.860166517830417,0.871263828043029,0.922474975904331,0.913402111310868,0.975754948610707,0.91092927316824,0.932369821176606,0.881398815569119,0.900895369496068,0.911041309520322,0.917457496343892,0.913666211569588,0.904008748691109,0.917904294773281,0.894586769429747,0.925486658257932,0.917451825450783,0.97589365718479,0.865500984661217,0.876911966811318,0.894794941621637,0.880671489664206,0.864436202436695,0.862081302020525,0.866113273767593,0.856290095383588,0.881797401934969,0.876460741156288,0.862457877274718,0.871086009225735,0.877614398543661,0.86511888468703,0.8630327961373,0.859325937625159,0.862728309818261,0.859915192205074,0.869606647040833,0.867489893719836,0.872051940156404
0.995077223717905,0.861911572988851,0.867987033657438,0.922808032362456,0.913556504938878,0.975668513076971,0.905904556994389,0.934614709805288,0.876917019421202,0.909606574754104,0.920156419934867,0.915933213685857,0.913806574357719,0.913940666012814,0.936577147220832,0.895649887410755,0.928012043073247,0.916669525786828,0.976833554762693,0.869421243216962,0.882686292803852,0.904907613938905,0.887086546003175,0.868195336762237,0.868039910812499,0.873657984525298,0.851322518728544,0.884263108067571,0.882616762209277,0.865546173813424,0.878851566786617,0.884560397701665,0.872151488539685,0.867487108671315,0.861005302142596,0.865469265641214,0.862096136935807,0.874353672393853,0.870084749563943,0.876367167932876
0.996329406796525,0.865167082884696,0.868553281947335,0.922616659789959,0.913487998876367,0.975651299348473,0.90550182146708,0.937651922783041,0.877082370298666,0.918004733617335,0.929716866239475,0.917389381396841,0.914286829121413,0.922301162221787,0.958625202647055,0.89862655406763,0.93269669058541,0.918636076302777,0.977964217781977,0.872411532767415,0.885988398010762,0.912025955974452,0.89228208252076,0.873074664979186,0.873764279113363,0.880030303106331,0.846154342559321,0.88850543227022,0.88616419353592,0.868905766862093,0.88508769267141,0.889358809205847,0.8783106363216,0.871848119944724,0.86345141164147,0.868341419718981,0.865409925234967,0.877813609884191,0.873031204761777,0.87912966883937
0.995773811196485,0.867572082106546,0.872725342413974,0.921287273521922,0.914466381011526,0.975725632351125,0.904542980080113,0.935811433515109,0.880865968253445,0.925608008849167,0.9371306891609,0.922320056832611,0.918198246528181,0.928453824129683,0.974702993148002,0.902509703647985,0.935849024089054,0.921449627422456,0.979021523434768,0.875135251028416,0.887377285631879,0.915898662637868,0.895320930239599,0.876259723284192,0.878715791465526,0.885538688091584,0.842254586381809,0.893995546463132,0.888504739410025,0.872297871355759,0.887684978229065,0.889934232118982,0.882505034568689,0.875852673909737,0.865989928160114,0.871454301390262,0.870324559308208,0.880682337001907,0.877443968974827,0.880397967313315
0.994905028461951,0.869704584989875,0.878831046759755,0.922458463758433,0.918651383670442,0.975838731260437,0.904488076382234,0.932992308622468,0.887660521140408,0.936023722675023,0.944946821273606,0.927217665010359,0.923510455538024,0.935341520549671,0.980888789432518,0.908395648705156,0.93487463777658,0.924416661634277,0.980235173573823,0.877564611677792,0.887323721469348,0.922250313366762,0.896902078719052,0.878301657957199,0.882339991790675,0.889902035758682,0.841561504600942,0.903031451522963,0.89075987505803,0.87523400238681,0.888955022819793,0.888809120519749,0.884797687137115,0.879614729563034,0.869110393412287,0.874515967233076,0.876508697749826,0.882320274668534,0.884150969648392,0.880613152549675
0.992135759434403,0.872332498433411,0.885443140386437,0.928099813181509,0.924346189645652,0.976122630834282,0.909905139745082,0.930836558786211,0.895301992618335,0.948078166238478,0.956440478583404,0.935241231553511,0.927777366536029,0.947020524623541,0.984378830614387,0.917277433790713,0.933018304487453,0.93020957716997,0.981737584891225,0.879866378537687,0.88707296508299,0.933096563752038,0.899065722804559,0.880598662086624,0.884568355421337,0.893877596678317,0.844275324337322,0.913401021286775,0.894851192554884,0.877526699197527,0.88976445258657,0.888341991879061,0.885527337047604,0.883095256674503,0.873493661150579,0.878529478060688,0.883729778157252,0.88494109266757,0.891676601412782,0.88039729072756
0.987848167708308,0.874897212836354,0.894425413407539,0.935736218926041,0.932011136723807,0.976622459461857,0.911322181757154,0.929388659297288,0.907508231249222,0.962880203708479,0.970013194915298,0.94531583114331,0.934734537708836,0.963403999954343,0.992166050418133,0.931622593017707,0.936093594064064,0.937109798034544,0.983683271885797,0.88269716710849,0.886625942086191,0.944924280214442,0.900818030373557,0.883334276171629,0.886156978707816,0.897453637263988,0.85031476223622,0.922721107262185,0.899361601214272,0.879765000728316,0.890678338158932,0.888152690889688,0.885964051182959,0.886344701216741,0.878890302640362,0.884327255381413,0.89165381018374,0.889324793534432,0.898799437008762,0.880279621389111
0.979852471887655,0.877231479546583,0.902617050129521,0.942370876256467,0.946516299363557,0.977326068468824,0.916082257101893,0.929445500764559,0.925133363569042,0.978605377013629,0.986131139490902,0.957921978422629,0.944538082318442,0.982924454980461,1.00430551370754,0.949212516932113,0.940809887825461,0.948111767465944,0.985871058691449,0.885754207032027,0.885704032923272,0.958415534024433,0.903197633953822,0.885087583816523,0.888654871094693,0.900378399900384,0.857326872654359,0.933162340086201,0.904215551738591,0.881710273370214,0.893170928795807,0.88884220282463,0.885423662662849,0.889063057193286,0.8850592691807,0.89193089036829,0.899847555418455,0.894333134380884,0.904797074980493,0.881384921392553
0.968628067074729,0.879967262951547,0.915157819644217,0.952701585274371,0.962535763511127,0.978260860828693,0.927181339079718,0.93153997389201,0.946273667728124,0.998246693189611,1.01112475015888,0.973353439795492,0.959250302857053,1.00611787166083,1.01886180794845,0.966451211131491,0.945219878652465,0.960512977434645,0.98783953816761,0.8885786316154,0.886371163909838,0.974233669564975,0.907346692402711,0.885769646824787,0.890537048171212,0.902243039196594,0.864259349024162,0.947821397612501,0.91075708896325,0.88345475494089,0.895782790574011,0.891616240011181,0.884090880224918,0.891250713967583,0.890950818967251,0.899233269639819,0.908016997323276,0.899032554713201,0.909326325867118,0.88403823241852
0.955287783248823,0.88123258976239,0.933767817697521,0.968791912768733,0.976981018032474,0.979331421938948,0.944798941820423,0.936050605097175,0.967902664037572,1.0204506849114,1.03718287850478,0.988072933715324,0.975013591121185,1.03151453246911,1.03674579115727,0.984411363139709,0.949453337104653,0.975305457342338,0.989621306073595,0.889198755535897,0.888872137130785,0.993402976642939,0.913636551352207,0.885913403387933,0.891147738202967,0.902910456099316,0.869622339127678,0.965168644365413,0.919449367952221,0.885299236210688,0.897406811957125,0.893904088975436,0.882520563916445,0.892544183923911,0.895733314069377,0.904690037893729,0.914623792989237,0.902340781932944,0.91385350852694,0.885908515677307
0.942614416312772,0.88208699815235,0.953978083130542,0.985934568930551,0.992528129052457,0.980592340614384,0.965833405859535,0.941757524477898,0.988089850729436,1.04430994177731,1.06032382616597,1.0053816874583,0.991702115696213,1.05450222552208,1.06011054898397,1.00473108634211,0.955846145451099,0.98987447922981,0.991374306139659,0.889470312902429,0.895979264080402,1.01651820186098,0.923397915701844,0.885972707230797,0.890019286013961,0.901354537811615,0.873410765815318,0.984746167044163,0.932202375942686,0.886695949626926,0.898481086359597,0.896619653208243,0.879952403858937,0.891679774389228,0.899646106202904,0.90849313743652,0.918653030126852,0.904810361808835,0.918184900431069,0.89063773661209
0.934663005300227,0.880831801764235,0.971428641578881,1.00226292080365,1.01037235552499,0.982047202721727,0.982302850186057,0.944918250427558,1.01489887653214,1.06882472719768,1.08058302255026,1.02300113382627,1.00820907528823,1.07819430910174,1.08775273577925,1.02891470738643,0.962598165004456,1.0036816256348,0.993102072177803,0.890411885261732,0.905349435990097,1.04051955598085,0.938824864565674,0.888116389468989,0.888363922589984,0.897911095336134,0.875957426883166,1.00880547607552,0.951709622022178,0.888023705298169,0.902136000715753,0.902974043369937,0.876688367607148,0.88966788329082,0.903111231713192,0.910773673174015,0.920811831979654,0.908972757850242,0.923474062818215,0.899647326708028
0.930018161372558,0.880698175690273,0.9933704205294,1.01806720467325,1.03739427897413,0.983713455774731,1.0015665577766,0.948013548633021,1.0441981256483,1.09574125724861,1.10365034243014,1.04359889119579,1.02692802205465,1.10259259748962,1.11063334717484,1.05048229346645,0.97231612644358,1.01813908655916,0.994483831765331,0.893233600865512,0.9183440878112,1.06517218258001,0.956675511689882,0.894688370798673,0.885847010999313,0.893330179563301,0.877781881962889,1.03893694760061,0.975316002998363,0.889693769653745,0.910876255797526,0.916522457897873,0.875343398708001,0.889937049736809,0.905449483302877,0.911818785246872,0.922796450095966,0.915622722238276,0.931791549101041,0.914870483104373
0.925050898673639,0.885192658356989,1.01930419161218,1.03079928885809,1.0700578640507,0.98572603039524,1.03430002102798,0.949897996390987,1.07184292183622,1.12287810499803,1.12879947296875,1.06616490810277,1.04554203386482,1.12708385431708,1.12849027919478,1.0677631827745,0.98144636038806,1.03568651111616,0.995459743406808,0.898895545962276,0.935656904319629,1.09238955771458,0.977675963042087,0.904892372182658,0.88335055599479,0.889690874563259,0.87913359175,1.07406224720255,0.99948715793568,0.892595706492508,0.924011114877632,0.936409241905124,0.877675940711519,0.891958494147458,0.906818494093062,0.913627987792595,0.925238083741131,0.926533971134837,0.944975300823888,0.934694733718707
0.921506709834328,0.896400402010836,1.04939764038548,1.04566186267762,1.10053267253906,0.987940084895257,1.0646000491552,0.955429403090703,1.1050437688968,1.15185942302492,1.15428391481523,1.09195539624457,1.06677999358461,1.15586890310263,1.14568421954193,1.08507499206501,0.990972042256019,1.05926713563051,0.99612380795465,0.906754265529312,0.957272149709005,1.12126498809707,1.00134759483084,0.916266905390291,0.882933917779147,0.889316180447385,0.881978273316542,1.10913524893834,1.02646842726236,0.897038132027279,0.940501152057954,0.961069304821973,0.88691765084669,0.898161992175372,0.907198482877572,0.91883777494091,0.928046647637434,0.939734875409159,0.966080446375374,0.959807367525388
0.921858433500055,0.912514904509628,1.08470856384705,1.06303465339992,1.12542417720978,0.989914180216272,1.08619461379851,0.963673455092473,1.13686208177857,1.17980228082558,1.17939893743033,1.11862611215055,1.08927544257633,1.18334615915028,1.16447180140929,1.10491652734282,1.00425738413636,1.08241910992389,0.99660695320348,0.915635492836742,0.982572927922001,1.14949970406261,1.0278454072736,0.929702290071509,0.885554251483612,0.893358337538323,0.887104462806307,1.14104889939288,1.05889717370596,0.905294634189634,0.962291306563867,0.990832269929547,0.901712832816891,0.908999630294856,0.906051865574041,0.927279477876228,0.934175561240395,0.955261801114262,0.99309806966716,0.992024487289344
0.925179261422269,0.933402377326706,1.11794670611401,1.0830727808085,1.14669101511301,0.991751509004438,1.11280569339404,0.975778854651808,1.16544301951419,1.20159614782253,1.20375213472178,1.14399007673664,1.11296331530858,1.2081559677176,1.18625478899595,1.12923077345861,1.01994561892347,1.10605154073253,0.997070422953228,0.928606111446736,1.01081288209112,1.17445730831475,1.05888679268186,0.949854261578888,0.891769145831615,0.90533060505351,0.895476317264521,1.16910275603866,1.0933542630369,0.916240530979168,0.988541401958248,1.02498439945779,0.921883031631794,0.925754128400758,0.904385433288011,0.940384253212869,0.943722253360648,0.972752233578384,1.02487158853178,1.03113358571992
0.930012625001431,0.960897610044692,1.14769925180739,1.10384056904784,1.16756476964698,0.99322980238006,1.1337780537255,0.992545988920912,1.19005773606987,1.21897829208716,1.22371856145398,1.16505309019826,1.13475280856716,1.22605177053977,1.21090779081637,1.15564479632518,1.03561053251951,1.12864321134573,0.997687060908822,0.947662055380934,1.04455342363221,1.19907497841115,1.09400706883061,0.975140861790958,0.902895889666295,0.923464099623949,0.906113363882105,1.19576432158965,1.12705391281845,0.930299064084948,1.01851431820444,1.0626046160364,0.94864587996133,0.949483764651356,0.904121857392544,0.957951967749282,0.95942745371231,0.992870781105013,1.05882306452322,1.07355504936802
0.935866410794777,0.994167670850888,1.17350188621902,1.12093903640914,1.18848752778565,0.994437199055613,1.14930003847456,1.01204357173914,1.21198370018905,1.23122951085494,1.23656824230329,1.18245184974132,1.1544225606266,1.23768958569314,1.23196951555857,1.18020404189379,1.05056358820789,1.14629667029704,0.998341090877664,0.970562719348033,1.08349021077283,1.21980403574762,1.12849202788482,1.00439825867392,0.918009650390306,0.948925058833564,0.919526716693651,1.21408473311347,1.16111743476403,0.948238484560755,1.05122303082747,1.10047892360094,0.981252262428729,0.978369926350656,0.906064893485174,0.97876396864032,0.98038352112675,1.01826601611658,1.09459503724678,1.11883220215005
0.943190058965403,1.03187630332971,1.19438442592202,1.14218013391872,1.20014704982732,0.995550976894425,1.16565489789496,1.03311598097442,1.2251939375783,1.23760916076508,1.24285224793767,1.19761649107762,1.17372365374357,1.23946951766486,1.24988214179978,1.20127014578764,1.06520086014345,1.16322923300594,0.998591945227452,0.997880519308289,1.12314487180621,1.23279969749465,1.15973594396099,1.03675860975592,0.937544353619418,0.980033771066103,0.936689475394788,1.22211696826257,1.19273053981161,0.96963529743398,1.08401852897795,1.13752893882973,1.01716732619672,1.01068691600477,0.910871524354437,1.00242640352095,1.00496054979141,1.04723837764202,1.13206318611072,1.16560660695087
0.951638961961761,1.07472765698252,1.20889808028656,1.16281985563236,1.20220312564898,0.996724488492453,1.17955551849674,1.05266839213197,1.2261484346572,1.23346292153355,1.24110651795855,1.20737103536053,1.18940717978535,1.23359436935127,1.26258311193785,1.21611431826468,1.08053897084697,1.17897548362955,0.998476406726913,1.02666495495313,1.16198854240668,1.24023260519723,1.1909817754325,1.07091821473688,0.962294196425359,1.01598581709121,0.957492234803521,1.22324082871666,1.21783308105415,0.993969219353353,1.1173738317675,1.17278906781771,1.05476257017698,1.04630223433591,0.918447141722244,1.02725275831976,1.03278884983093,1.07744141423515,1.17216747057307,1.211804046805
0.96246278324355,1.12016940886096,1.21679662179552,1.18220694558566,1.20090317706022,0.9974165341157,1.19050435347931,1.06944933833052,1.22362340384051,1.22409481632359,1.23418993838342,1.20991321504802,1.20062347137821,1.22348985399458,1.26854991418236,1.22556471515244,1.09442133377164,1.18778557315914,0.998207958699161,1.05734824261181,1.19959093062208,1.24022278875576,1.21789062915798,1.10374493420362,0.992054098920689,1.05455566927169,0.980177080108942,1.21982064916108,1.23641010687527,1.0199549349054,1.14965674766137,1.20607296465162,1.09281684077566,1.08421900915447,0.930389907778961,1.05352616762069,1.06386757229234,1.10925030487154,1.21108282902828,1.25832206397294
0.980919998954584,1.1687159306253,1.22149286247523,1.19563903441299,1.19563204429079,0.997463229432552,1.19911659741914,1.08895787697775,1.21619127042275,1.21249588014382,1.22320308190802,1.20873729377418,1.20953187349433,1.21054690017476,1.26557206577773,1.23118343978231,1.10574434460691,1.19189765369986,0.998046085775926,1.0885880070474,1.23455635428858,1.23028478627828,1.23583031812504,1.13584176319546,1.02416062321311,1.09246190626846,1.0042090770538,1.21608043543529,1.2496983472945,1.04874791133708,1.17910928879745,1.2341559467744,1.13030043579159,1.12095073914966,0.947007824529276,1.08249096995398,1.09498319785216,1.14344748793288,1.24688500187322,1.30174224280482
1.00082118577979,1.21727991235689,1.22305759709272,1.2016439736643,1.18743169383868,0.997019196410528,1.20460470090724,1.10922277262639,1.20752820448116,1.20275197958929,1.2148533687851,1.20571913498806,1.21409565467523,1.20054858196217,1.25647916028834,1.2299934936838,1.11456840302011,1.19114863040212,0.997872343189276,1.12147317877263,1.26781855766911,1.21572613735598,1.24710357147258,1.16827766239428,1.05663583481114,1.128658094441,1.02790065639017,1.21396613467749,1.26023001432279,1.08037494134808,1.20417963409262,1.25380783414705,1.16664600358679,1.15584187542284,0.967132383233346,1.11473682141486,1.12674115016404,1.17961232922108,1.27645479300274,1.34084798333661
1.0184166280591,1.26312853016885,1.22374833487946,1.20297878143541,1.17396061284282,0.996303810973245,1.20852846489402,1.12368556230125,1.20535496217917,1.19873488930155,1.21041367854419,1.19757641754638,1.21312614865995,1.19480016095152,1.24620092409966,1.22512472509436,1.12086616448596,1.18754298177134,0.997528098458964,1.15538733503267,1.29675679195875,1.20199586062364,1.25087448393732,1.19886165880765,1.08993035540394,1.16136797079207,1.05043337369824,1.21483979293906,1.26701621215827,1.11544690423199,1.22369305507109,1.26517278338445,1.19975974623542,1.18674492126756,0.990989571364947,1.14838852843338,1.15881618128109,1.21434140168918,1.29798302888859,1.37489626987759
1.03460580596954,1.30375515783964,1.22402682099568,1.20395633670307,1.15927933712527,0.995613803683231,1.21431842288553,1.13059700437757,1.20890919842037,1.1970531113198,1.20815789460562,1.18862065114098,1.20764554284679,1.19726080794212,1.23444628338936,1.21954300082958,1.12710657277729,1.18123014219238,0.997297611624881,1.19024709143338,1.32249028773487,1.19446341539897,1.24902099094563,1.2242916940245,1.1245732880026,1.18897600137962,1.07218126613292,1.2203774038226,1.27352381756287,1.1532390084257,1.23789921126254,1.26936388769134,1.22767063285868,1.2134050952684,1.01829744664077,1.18119177694038,1.1915962114135,1.24544615512995,1.30977199393557,1.40033977136667
1.05375834856487,1.33891206677152,1.22515710293016,1.1977584913592,1.14380854428194,0.994836320344077,1.21680561708225,1.13506086623487,1.21062994412353,1.20129684370989,1.20740230192733,1.17722401176686,1.20119582534962,1.20733145186001,1.22013220288238,1.21697945999526,1.1348621358546,1.17370177418578,0.997155039884809,1.22284331519816,1.34318500457787,1.19472303408319,1.24441111015689,1.24468461682178,1.15895986461767,1.21311397220183,1.09550744427051,1.22687082249582,1.27811087485748,1.19144635624756,1.24766257035561,1.26896555162479,1.25116142029222,1.23417369095274,1.04767028451531,1.21074633181928,1.22265112144138,1.27089772293091,1.31174028576076,1.41536408972149
1.07623196641028,1.36678847229628,1.22668087130397,1.18567952307497,1.1340029727053,0.994077827108468,1.20180690608201,1.13697324499134,1.21623085645815,1.20658823372473,1.20902023120598,1.16841613896924,1.19413147321904,1.21814930593228,1.20596197185456,1.2178779389028,1.14027702564552,1.16344493340937,0.996796004592437,1.25214232991372,1.35677351735986,1.20398827746524,1.24093212964633,1.25846461579842,1.191278311996,1.23323624683359,1.11759799804595,1.23001135722495,1.28034042339553,1.22885054505814,1.25406493222489,1.26787593173676,1.26948055253775,1.24949188678066,1.0777662103089,1.23512692611335,1.24923139490265,1.29050177669269,1.30630222404275,1.42019104723545
1.09660838752609,1.38516472628114,1.22548353302111,1.17227459560614,1.12188355451167,0.993199155725093,1.18438056171848,1.13865973500567,1.21702123637677,1.20948360187638,1.21003548841075,1.16170312612012,1.18883880806748,1.22656660133151,1.19724645592279,1.22343829600616,1.14528149883636,1.1546264596169,0.996170486717302,1.27677262080611,1.36520486904359,1.21865475485568,1.23897203085789,1.26616603430152,1.22136776945149,1.24770497227246,1.13812064069149,1.22965117512187,1.28186196754382,1.2639745103417,1.2578874988291,1.26723108328783,1.28230250268289,1.25859075861356,1.10757257861527,1.25300377162855,1.2702579513803,1.30377731146939,1.29443820452927,1.41892622653515
1.11249066874156,1.39644361000163,1.21856211372072,1.1614711777974,1.11360912750083,0.992073420035364,1.17391255196635,1.14206539433903,1.20728376342144,1.20841618743358,1.20634347991533,1.15476609875701,1.18285441109436,1.22870593257313,1.19516553839453,1.22942892929173,1.14984559069704,1.1439827158554,0.995128470763499,1.29526139888362,1.37039782898567,1.23022967577603,1.23704303075863,1.27044825206672,1.24939258236109,1.25619534149405,1.1559311584951,1.22428130750293,1.28368679729918,1.29461797610482,1.25958488439894,1.26375436682289,1.29036799237921,1.26109096852842,1.13565048899057,1.26369508051543,1.28551413097002,1.31054500256972,1.27618276027819,1.41406462363414
1.12492212691504,1.40140297896162,1.20358441901604,1.15185851526517,1.10567909615607,0.990548348741605,1.15768288105369,1.14282418008318,1.1913160535638,1.20193641835953,1.20170850983533,1.14989107527753,1.17736035462507,1.22225394794056,1.198664051615,1.23385916012752,1.15233793493754,1.1329591421177,0.99364553698948,1.30757383238721,1.37051121138215,1.23704819199102,1.23770631933321,1.27354647843175,1.27452397133904,1.25879482649022,1.17185582286722,1.21222227404937,1.28341718012343,1.31949334828774,1.25974096284205,1.25944653359891,1.29278229154928,1.2572595033441,1.16166650322063,1.26846881206075,1.29425831946679,1.31248543650387,1.24966257459109,1.40692084665678
1.13449372293126,1.39679562406223,1.18429845396722,1.14207517224407,1.0946807116572,0.988721476138254,1.14471333724792,1.13968785394149,1.1731628778627,1.19151195795313,1.19622694476966,1.14528473274351,1.16890679925748,1.20832499608581,1.20632096813919,1.23931708777226,1.15783608796752,1.12313725419275,0.991578633786241,1.31576147156867,1.36901360457754,1.23998277027396,1.23966935312907,1.27322393249673,1.29517724264687,1.25744311211459,1.18542016731823,1.19315368213211,1.27947112127162,1.33796975611648,1.25930604747669,1.25568441954097,1.29076153714659,1.24991780991859,1.18442370642518,1.26659914673099,1.29804056400586,1.31056787515015,1.21618685286864,1.39563068651579
1.14288454186889,1.38817749104683,1.16729977759232,1.13639362853284,1.08349024262854,0.986971157375175,1.13217002345858,1.1334986085931,1.15091065964282,1.17598203694996,1.18326712339342,1.13191973861383,1.16097548928631,1.19135397322408,1.21564085840838,1.24539655422298,1.15941908654372,1.11115843624004,0.989131762064102,1.31955887436542,1.36401344287165,1.23416128656985,1.23937448742802,1.27176678759387,1.31112705528937,1.25128106820943,1.19432618135053,1.16711979611221,1.27215622999605,1.35266988220883,1.25539219764827,1.25236445063275,1.28496037371383,1.24054029163094,1.2029655571598,1.25878936323142,1.29501171402874,1.30481425548878,1.17901815546358,1.37410605994344
1.15231091600192,1.37465064542005,1.14580955119921,1.13151174101798,1.07189814844982,0.985424790404382,1.11907902954869,1.12420407738428,1.12386404586531,1.15719267723586,1.1677199259849,1.11679050473355,1.15454258198404,1.17191613233858,1.22019287343711,1.2449944705911,1.15710465751573,1.09912247685629,0.986745089554823,1.3182637860199,1.35268997145315,1.21874578775745,1.23616869342151,1.27198349556429,1.32272226575491,1.24158132136938,1.19929701071893,1.14277772961728,1.26134764076646,1.36299892894257,1.24880156614643,1.24752935618128,1.27568346176284,1.2281695186711,1.21647322168357,1.24529558654775,1.28568188374084,1.29277607408068,1.14332391996067,1.341820638802
1.16209681396435,1.35639624579053,1.12454519485581,1.12597085560541,1.0555051329029,0.983646424699464,1.10149836308517,1.11461610775716,1.10115105179226,1.13644813492764,1.15085451210866,1.10169671905203,1.14543426073332,1.15132020820046,1.2191106464481,1.23877755738726,1.15235267555032,1.08377096070472,0.984421205760551,1.31325582642513,1.33720105207986,1.20036772319799,1.22786939046257,1.27111839258513,1.32932336971972,1.22997279992619,1.19920725413584,1.12377432423192,1.24167777151029,1.36654237936616,1.23968274789063,1.2392175208757,1.26613058296434,1.21551678497382,1.22537899205489,1.22775536782233,1.26903394686718,1.27370401640539,1.1102485875846,1.30250140931441
1.17080559561229,1.33335830944436,1.10287269817416,1.12062626704682,1.03362320038304,0.981365405933803,1.08558297747566,1.10473732856004,1.08149458489449,1.11570650576961,1.13137400229436,1.08510703052209,1.13671290436262,1.13006273376089,1.21518901774923,1.23190811850753,1.14872817749751,1.06519522948137,0.98196721352537,1.30317764926782,1.31935690862183,1.18225180893232,1.21583816662954,1.26945909990918,1.3298373497194,1.21748550110944,1.19306933408523,1.10445818847939,1.21437312236064,1.36529324261589,1.22979510611932,1.22600972852828,1.25794813153457,1.20209412099794,1.23062826627191,1.20566435632602,1.24585433151646,1.24913052805988,1.08126996369553,1.256908816055
1.18121879094061,1.30140095298866,1.08311593582774,1.10854641055637,1.00665568388061,0.979026975336824,1.06698631166299,1.09595096601891,1.05826037752776,1.09345176807061,1.10935298886106,1.06444754770075,1.12566315091883,1.10826261417511,1.20779364635105,1.22369303615448,1.14512332386791,1.04552676051685,0.978945679777371,1.28991171171488,1.29813818602626,1.16422641358062,1.19803639097546,1.26784089113917,1.32621256403767,1.20275767273593,1.18047840500377,1.08342974288547,1.18717253418947,1.36098834448614,1.21779353870067,1.21042520281609,1.25090979807748,1.1884225851554,1.23241780283634,1.18021894236697,1.21926008138022,1.22204690535898,1.0584949432279,1.21433995654468
1.19221163989155,1.26457749652088,1.06491142918449,1.09216619456549,0.976925487932177,0.976332326233858,1.04535957763665,1.08570464065741,1.03023142628198,1.0701084429226,1.08805412196961,1.04213835091701,1.11277842864799,1.08856001950978,1.19994501737274,1.20962571701526,1.13779358465545,1.02355084565421,0.975402402301334,1.27554679753089,1.27359981432925,1.14408320218518,1.17565655915456,1.26601759904819,1.31836140612908,1.18707431817213,1.16091751080376,1.06212585162068,1.16186094705798,1.35265329745464,1.20763627691621,1.19344176019716,1.24398726646704,1.17586857543669,1.23092676940147,1.15254367766129,1.18942049656379,1.19281041624027,1.04226288872168,1.17768287328168
1.20173385140997,1.22722558289815,1.04600497581711,1.07910016021441,0.950737722833152,0.973487117924184,1.02514615427213,1.07734962748481,0.998332479489978,1.04967526711699,1.06820395431603,1.0170705464565,1.09899662257019,1.07364619072877,1.18869006346086,1.1922173668369,1.12814399693459,1.00223904207403,0.97165103063257,1.25815232754665,1.24759036218828,1.12192387295216,1.15310021255604,1.26297865687044,1.30717546195174,1.17030046884914,1.13696161893238,1.04164246888394,1.13762842134796,1.34147573496549,1.19634142481639,1.17647962766541,1.23517358691315,1.16448840513495,1.22595872993067,1.12380527683838,1.15693782718142,1.16210198829961,1.03101897170373,1.15043985042188
1.20738778999951,1.19061355017291,1.03269546039507,1.06437061418286,0.92809899218958,0.970762277781444,1.00522207387983,1.06669208480401,0.966198810622482,1.02843572317282,1.04937973777984,0.991446707774312,1.08183476161364,1.06045798569447,1.17583733746384,1.1715506556424,1.11908438138188,0.979723780528703,0.968064116799688,1.23810531018295,1.21810243173187,1.10216158959762,1.12970834362388,1.25621394074009,1.29517302374501,1.15330249083368,1.11094590593915,1.01968319953345,1.11856016154853,1.32469230039754,1.18189318695992,1.1580520544987,1.22435372439737,1.15138045806196,1.21739928859663,1.09625921823938,1.12362600038549,1.13363342868368,1.02243201146789,1.13062547374202
1.20834835500323,1.15714214234434,1.024225632275,1.04409094509504,0.905956894474561,0.968229758464563,0.983620443410598,1.05783114734255,0.941612443587037,1.00317844763132,1.02843755828641,0.966034275596639,1.06320744312327,1.04417906009598,1.16181944205678,1.15252306477835,1.11248690536468,0.956888731392965,0.964467760662646,1.2144360771215,1.19020364762055,1.08737368647198,1.10980593355748,1.24549925185194,1.28207930086616,1.13814698687857,1.08493506264919,0.996854336311369,1.10355101246484,1.30391112992243,1.16382072829101,1.13990701404731,1.21025383487026,1.13828463607457,1.20586945068133,1.07098255129553,1.09222861263098,1.10813218372883,1.01526211296791,1.11551365179331
1.20331468079418,1.13095141690771,1.01909300014675,1.0212426528369,0.891304505778867,0.965766951289283,0.965830320485244,1.0499570511183,0.925643555564965,0.975504078510356,1.00030687702044,0.935986416195299,1.0427303184656,1.02107535202619,1.14532377037193,1.13813507409738,1.10905501572195,0.935156812440685,0.961036849899212,1.1876994908971,1.16649442354589,1.07781797142325,1.09386344821283,1.23372218527904,1.26772521208042,1.12411457808824,1.06053756331936,0.978738229368598,1.0903973491091,1.2794656391264,1.14255445393124,1.12448456826665,1.19436866001658,1.1271248969549,1.19160953179178,1.04841521946247,1.06353700542935,1.08807263866674,1.00817307680018,1.10326836261853
1.19343216486011,1.11192458773679,1.0168924402009,0.998149816516773,0.888398263011565,0.963179990521685,0.950974843825073,1.03669251240457,0.921371722895184,0.946248527011184,0.967676012299743,0.908313202956992,1.02124465009237,0.993935799581545,1.12834181429421,1.12264262432667,1.10418074226274,0.918711029908826,0.957977075206995,1.15948531429759,1.14565296600214,1.06792092283297,1.08199033738915,1.2207777001671,1.25250089457257,1.1113800581489,1.03969077007817,0.971611751382095,1.079895808495,1.25169972662917,1.12362759829494,1.11325301278291,1.17612297937312,1.11581756057374,1.17480622210513,1.0291907338373,1.03918103393045,1.07269840606269,1.00091958126775,1.0932532652802
1.17733991767889,1.09649920551436,1.02098023826772,0.974038017659082,0.895965099475155,0.960216280465742,0.930892532156155,1.02510422746203,0.926035224732995,0.919177206949946,0.93342972431906,0.891239467296638,0.996710994359799,0.968923495451866,1.11127444297915,1.10636790922819,1.09667825156163,0.90846347609796,0.955335181171254,1.13118690556187,1.12783663666142,1.05327562648519,1.07261986242369,1.20190049323436,1.23660565961854,1.09901719218977,1.0232389921048,0.973118834126551,1.07181673194168,1.22187925204059,1.10759335337709,1.10272158344056,1.15955636304222,1.1045518954034,1.15580595492811,1.01293158495386,1.01947913898472,1.06060912199261,0.994871416357636,1.08424003095909
1.16055662818366,1.08303347351047,1.03012800433897,0.951188265899699,0.914978318052977,0.957296856639524,0.918471062012248,1.01614452916074,0.937037395880862,0.902798399239115,0.903482868095043,0.885581261655676,0.971202064439693,0.945952560418206,1.09506868247202,1.08622150869757,1.08694777798199,0.906323259979676,0.953086018323534,1.1056368315351,1.1133596100016,1.03826985229984,1.0636188204455,1.18113025322085,1.21898334858926,1.08652320981006,1.01006207170127,0.978437261686015,1.06594923905387,1.19215604949456,1.09504085258235,1.09346157611728,1.1461318873284,1.09439593823024,1.13631033716725,0.99874105809518,1.00423509717527,1.05003555445549,0.989371566631759,1.0749074744792
1.14399798490205,1.07080926565878,1.04052134705817,0.92802819085705,0.942200123146472,0.954455207608843,0.921539258699651,1.00543071861398,0.953714204895878,0.895642112169277,0.885677858979915,0.886270407611275,0.950822202799733,0.92914386104797,1.07949966742603,1.05977054085811,1.0766892769646,0.911975594818016,0.951504165503487,1.08455751636231,1.10166210633595,1.01781364659461,1.05561972476392,1.1627695049986,1.19977687032581,1.07388018742064,0.999925875026538,0.988756875626473,1.06389485607962,1.16426625440054,1.08520910511096,1.08598528448315,1.13660100506075,1.08573032004906,1.11723741329611,0.98629972077256,0.993153936097449,1.03998335643638,0.984073407735005,1.06452425245565
1.12876680986777,1.05780176593002,1.05063942134493,0.904414724504922,0.969920096984249,0.951841490688051,0.935936517971661,0.993299798179559,0.972802463074729,0.898379423140719,0.878542617923191,0.895340009986418,0.933732508070918,0.92146305539957,1.06461553344473,1.03041997404044,1.0691125835539,0.922232759516154,0.950190274805137,1.06692033191926,1.09191578714932,0.994022117535145,1.04947887823514,1.14599658000284,1.17758724437764,1.0617772918661,0.992019977178865,1.00087586783419,1.06726222065458,1.14002038964204,1.07773298101058,1.07979400497073,1.13001542115846,1.0772228292043,1.0985304453235,0.975328071665924,0.985133671480378,1.02997883093209,0.9793034529167,1.05321211858054
1.11668853844931,1.04512397811071,1.06062496167834,0.884646169230721,0.991967688881441,0.949188987094717,0.956706406981776,0.980723481660223,0.991690055789221,0.908128261167996,0.880679979300606,0.910373726178885,0.91966346201969,0.921569543790924,1.05157817864736,1.00247674222917,1.05942838109868,0.939974139729726,0.948933715754585,1.05190059527093,1.08212976525548,0.972788507326752,1.04483262017675,1.13100092457445,1.15431505782678,1.05033330757214,0.985548828597693,1.01294044688895,1.07349624043456,1.12173416827668,1.07189462687787,1.07665075640525,1.12640045990338,1.06776342148706,1.08167174511281,0.964169138563399,0.978570542658016,1.01978322631766,0.975738448018016,1.03941478270965
1.10745370135801,1.03255618909085,1.06992524922993,0.878565545680153,1.01293491384046,0.946886179834984,0.97952834214897,0.964872466490149,1.01130695199925,0.922626670337805,0.889908179658693,0.930177511094443,0.908265098001242,0.929634120515665,1.03764107738092,0.971590275721801,1.04773239336239,0.962520131675323,0.948242308137209,1.04024304916348,1.07317124644761,0.956919687837004,1.04290759572186,1.11922732131219,1.1315969577369,1.03856353549964,0.979898261108498,1.02674255268944,1.08042819442234,1.10799138848202,1.06851404837664,1.07704497586749,1.12162188705738,1.05704908074994,1.06755745520068,0.953321704256953,0.973254399845526,1.00899438401922,0.972864402333612,1.02281380168771
1.09995151649769,1.01944796771897,1.07613745431779,0.883725633805529,1.03660457130677,0.94511594740179,0.997162706773516,0.9512113872501,1.03215717541162,0.939066532425312,0.903996212488046,0.951530976302408,0.900596644439718,0.943257182949063,1.01916785930211,0.946061847779157,1.03737960247051,0.983099819071016,0.948006270971928,1.03066382474618,1.06409867838629,0.950136158225918,1.04383057595577,1.10934969867724,1.11188121744043,1.02683936745787,0.97304320626874,1.04197920471194,1.08612723595785,1.09608802347176,1.06708750777569,1.08083255296571,1.11528777303147,1.04700255170997,1.05463338969416,0.942919224209204,0.969190992392678,0.99892963317981,0.96996421230171,1.00375829343903
1.09373013358184,1.00474567335976,1.07803465309096,0.898901638658934,1.06092706004543,0.943961621810968,1.01677236236201,0.943529317742762,1.05112821972626,0.956322567845306,0.920030168705914,0.969668240926113,0.899397506360086,0.95824967178784,0.99584956654555,0.930271780247509,1.02533321714212,1.00296704806522,0.948406628880724,1.02112149002291,1.05630396756446,0.953198853872031,1.04633751495497,1.09912684828157,1.09568171763884,1.01542286030539,0.964791800794929,1.05465957129046,1.09007027115288,1.08456270063244,1.06621567325034,1.0877374034432,1.10799968493988,1.03616886880032,1.04275935714459,0.934264182164013,0.966120831007627,0.990732587279195,0.966990682550479,0.983065127778125
1.08912781758733,0.987685218316005,1.07579919357952,0.920189411605101,1.08013791401266,0.94348556196862,1.03586841064465,0.936199933307967,1.06663548285677,0.973058494879654,0.936035999823234,0.989246229280616,0.902562671100888,0.972983801028741,0.968709398586407,0.922012678936349,1.01191440864549,1.02228334391492,0.949861668765169,1.01185471831021,1.04844575192926,0.965656522893221,1.04747010691125,1.0895767658879,1.08204843890643,1.00451480871526,0.953888627517372,1.06710303783105,1.09238443264175,1.07443688608002,1.06731680793061,1.0934766658219,1.09975819556569,1.02518704099101,1.03257604858611,0.928067986154515,0.963126776892269,0.985048907440836,0.963198656625905,0.962415410932375
1.08773562574566,0.96999408923307,1.06816308104457,0.946423746786844,1.09580730917764,0.943674660315702,1.05527280628574,0.928304799230756,1.07763712656178,0.98960093591355,0.951985548546223,1.01143869231434,0.908935588806136,0.987229526355777,0.938468872327357,0.926707193770852,0.996260641462261,1.03850982477028,0.952128338409434,1.00190200562819,1.03908471403637,0.982587024308361,1.04673975520528,1.08280403578593,1.07007946914303,0.992844044253516,0.940297897688337,1.07985174212773,1.09440871059513,1.06473535757591,1.07071618098072,1.09379705357392,1.09130013960341,1.01434806145804,1.02332092859549,0.92384725833245,0.960746305756164,0.982515979548275,0.958117205231326,0.942487384981725
1.08880449285187,0.953061782730229,1.05310480473058,0.974633967861056,1.10874111735182,0.944418455680844,1.06855775251096,0.922491145055779,1.08171239700222,1.00742684641697,0.968355164648212,1.03089021851686,0.919383863266967,1.0011200934338,0.910957639558947,0.940841398220119,0.98310345493736,1.0533780411676,0.955127133266084,0.991039717416997,1.02866930815688,1.00149373903893,1.04657666340178,1.07939742077945,1.05911390615593,0.980025940272525,0.923895396479083,1.08804058767805,1.09414650793565,1.05422154349015,1.07503857308197,1.08896265866386,1.08302235275973,1.00341847195245,1.01504570397453,0.921844349547243,0.958677709980797,0.98382843297062,0.952464008427039,0.924139632606011
1.09099486632988,0.937511698505248,1.03238907126659,1.00102596014611,1.12749263325573,0.945397472330701,1.07705881505119,0.923343637208953,1.08020596233905,1.0260113792286,0.987526386527962,1.04812012980033,0.933412951737048,1.01603163857647,0.892600085252057,0.960841301405664,0.970703854277442,1.07034443420136,0.958618541445543,0.979537644656735,1.015896205515,1.0186277046147,1.04846698073646,1.07986667468725,1.04819901300613,0.966321114909353,0.906531892762434,1.09091707256514,1.09038133714972,1.04414208905676,1.07902971813484,1.08181265965675,1.07603755932978,0.992705227720666,1.00660908982953,0.922170953114964,0.957375465093357,0.986733249259078,0.94657045284179,0.90907749521389
1.09439563154484,0.924264790847605,1.00764697141721,1.02525840503321,1.15343135290758,0.946548252927112,1.08709890524563,0.92965607522443,1.07379881651174,1.04409061440048,1.00783595714813,1.06221140783662,0.951202957003363,1.03171498445118,0.884392950371575,0.986068038648623,0.959519729612611,1.08996800775117,0.962609952343101,0.966750485086305,1.00075634582334,1.03237635803607,1.05114989792664,1.08197425960147,1.03761612448563,0.95241859092683,0.888669319186617,1.08647032745869,1.08266673288291,1.03449388177967,1.08129162178032,1.074086710136,1.06997662337506,0.982304933422206,0.997952257326305,0.925117284313267,0.956325197704133,0.989662028784332,0.939904086985066,0.90159263315228
1.10061183532654,0.91367196874621,0.980117765256592,1.04642152080391,1.18294683244299,0.948086034504003,1.09571477358258,0.940053166020587,1.06540779326314,1.06045335800857,1.02799615847205,1.07247979030964,0.970478664280638,1.04829374194791,0.882965745097789,1.01252291486131,0.949387569638944,1.1140620987609,0.966494052255318,0.951331887779122,0.983603499718945,1.04390274185673,1.05494013788527,1.0844812691632,1.02718495212319,0.939950012422644,0.871232023463799,1.07261632112243,1.06817318848832,1.02395020745875,1.08157930686834,1.06849237302852,1.06461906631283,0.972445653611973,0.989577121768338,0.929947279752667,0.956044889826647,0.991419868172795,0.932731616743292,0.904750837872832
1.11051364922869,0.9073901115457,0.954285891090965,1.06451482320974,1.2148778795965,0.949943341434057,1.10541383162007,0.950418354276179,1.05448077897414,1.07674622232961,1.04577305731303,1.08164011640708,0.989338579221577,1.06532946662239,0.889041937981079,1.03664244638469,0.94232834526988,1.13749819005156,0.970073514312543,0.9339166204256,0.965168143348773,1.05318601170017,1.05997407280853,1.08603289649889,1.01624407294607,0.928906388902724,0.855014798529236,1.04939885517166,1.04804051863417,1.01288596968678,1.08131251767693,1.06568600615917,1.05789696789765,0.963451280492584,0.980481943584959,0.935291225451703,0.95584845021625,0.990162664009914,0.926959679581867,0.917324164264328
1.12501553968807,0.905549875295875,0.933576509507458,1.08310639039352,1.24931511910271,0.951905303795781,1.11803840134348,0.964755987893707,1.04477313755626,1.09123888228421,1.06004726362029,1.0933017681044,1.00681235298023,1.07924363657577,0.901529518095004,1.0590368855726,0.935215127171267,1.16116841181639,0.973709521993723,0.916261003389362,0.948415880286146,1.06323466306918,1.06373085553396,1.08611517649418,1.00421773728501,0.919198692652633,0.841107586395344,1.0215384408837,1.02241389257811,1.0017439735156,1.08252577295674,1.06324247570095,1.04891175128503,0.954692439080571,0.970959980331002,0.939983145236527,0.955513677602996,0.986452982893269,0.923367842914831,0.936165973820241
1.14309007609517,0.907398035418028,0.918711478028212,1.10045771691228,1.2856600397779,0.954015654282405,1.13531250421176,0.978549248981275,1.03621319475239,1.10312545211442,1.07095915053861,1.11111486008075,1.02510681768864,1.08809269244162,0.917889391012746,1.08024907982893,0.930329011594382,1.18711965469522,0.977450072413456,0.897905012064279,0.935557617084567,1.07714706880695,1.06597585004307,1.08475652628799,0.99230330796762,0.911207964567018,0.829700307753532,0.990307839499211,0.994059284092048,0.989709720337367,1.08326543067696,1.06008718231263,1.03766398814118,0.946595347032985,0.960858247731847,0.943687346232096,0.95477889477704,0.980800489818594,0.922552092564272,0.954906729682972
1.16379882897553,0.914042726123159,0.908592368533778,1.11617660549319,1.3191294890934,0.956531929540894,1.15275791449976,0.986712603170511,1.02594591813361,1.11257554242415,1.08058247464425,1.1357139945304,1.04114362732105,1.0913611228071,0.937049247602521,1.09957015133836,0.927755503700188,1.21418164598768,0.980822692265914,0.879037588084583,0.926323382820854,1.09380578970094,1.0670294062329,1.08192094298339,0.979925898211488,0.904881225606827,0.820464143946059,0.956231455554962,0.963770381679008,0.976138876293001,1.0821423594725,1.05596684221962,1.02531866764418,0.939393076419642,0.951008393325779,0.945048929161826,0.953013673032342,0.973121469390503,0.924895319745683,0.967795246443027
1.18695700024922,0.924296769172093,0.902271184425542,1.13731721367227,1.34441402406231,0.959134778704504,1.16924961361309,0.996467887061707,1.01323730733943,1.11917965302655,1.09047033790124,1.16515446966187,1.05426846494496,1.08803218528827,0.95483616709108,1.11657936613571,0.929654554523949,1.24144955950092,0.983797069123342,0.860823642929619,0.919696891700569,1.10979857722616,1.06737585692759,1.07925358409004,0.967147206361505,0.89991935780684,0.813462428948556,0.923141812136671,0.933488964567267,0.961686153089162,1.08040482812733,1.04951852276651,1.0126429923076,0.933116866258746,0.940908638456534,0.944846281400547,0.949531768537348,0.964103274258248,0.930753668066183,0.971949816093003
1.2126643604223,0.935380308940699,0.899457533074125,1.16017011644504,1.35844253283215,0.962083740839893,1.18487948394304,1.01331773635163,0.99848303402887,1.12265533778648,1.10245814835668,1.19646485660603,1.06641973037726,1.08073046009939,0.969295423948904,1.12921484982816,0.930756284205084,1.26607132192039,0.986109276237855,0.844638093139022,0.917433464203079,1.12404361407857,1.06679698137195,1.07895249457974,0.954408102171357,0.895482374122862,0.808383459512925,0.897877809869252,0.906442288016454,0.947772225018106,1.07755691106905,1.03967235334369,1.00093990671216,0.92805334704124,0.930942791771766,0.942868346187357,0.945199013690998,0.954895920666879,0.940372947698644,0.967658587196051
1.23524765492413,0.944634607495123,0.899292706095992,1.18634642583656,1.35901786801736,0.96516653051156,1.20059846793317,1.03381410000169,0.985294389063282,1.12283993244877,1.11699399767845,1.22586034110946,1.07866899833513,1.07108270321737,0.981101717769862,1.13549962536608,0.933805801067625,1.28471790891972,0.987845409009714,0.833721253397163,0.916600243854584,1.13052358340284,1.0633396379261,1.07874007242148,0.941610794073175,0.892677462094729,0.805289703401202,0.884199033207297,0.886619325249339,0.935226680188665,1.07366512680167,1.02553396450078,0.990190527145251,0.923703860492368,0.921576267846407,0.938715324346031,0.938896143496804,0.94530647190769,0.952962697228387,0.957731164879656
1.25260123883587,0.949620924155315,0.901122623781496,1.216054968047,1.34824038533043,0.96826430277644,1.21245967127425,1.05214572083337,0.979621780629576,1.11894150443586,1.13334593174659,1.2495218576956,1.09154428707826,1.06026376668263,0.992732388047805,1.13596083516158,0.940566811878752,1.29706133832031,0.989071278939065,0.831387246667602,0.917608935084888,1.12284920655295,1.05817411549954,1.07732288290413,0.928970590532118,0.89222939730346,0.804892146215548,0.879174264091478,0.876242036934692,0.923902505044858,1.06871941682054,1.00838879066022,0.980716496529413,0.920181388047068,0.913010488148804,0.931670087075282,0.931567783403564,0.935617210335226,0.96745091631706,0.94640316754232
1.26428651515937,0.950967515611107,0.907082499213885,1.24790649601914,1.33188875804906,0.971079977763377,1.21805192872119,1.07103129718019,0.982177959590957,1.11169173380098,1.14910171360716,1.26569542040551,1.10571931498586,1.04983659348385,1.00569284936771,1.12939400158836,0.949000408351158,1.30304248415028,0.989800645245216,0.838144466386233,0.921856204259175,1.09978740245532,1.05057206183932,1.07426949393818,0.916600637462312,0.894770014497886,0.807240318456686,0.878664716960196,0.875586391823407,0.914494290398767,1.06195712991425,0.98848227946844,0.972066090830479,0.916321643818393,0.905998888400044,0.922780546367649,0.923783902016455,0.926307582296647,0.983999445878628,0.93654946217397
1.26866443343389,0.948953154517856,0.91801780840612,1.27929302792101,1.31725483083823,0.973515632767119,1.21947333858691,1.08687843806688,0.994259786303014,1.10130310615176,1.16086895396337,1.27379053770677,1.12180178955716,1.0377060836093,1.02039891946568,1.11487711649372,0.957628388258519,1.30173527058304,0.989858904489721,0.853130225789143,0.928573651377253,1.06544651393051,1.0385908771665,1.06763218006958,0.905336479541529,0.900537302048261,0.812915793805136,0.880102694545375,0.882499787540633,0.907818553889989,1.05217918005736,0.967035386881174,0.964323585131771,0.912312245486144,0.901238796862359,0.911547596030571,0.916233750981274,0.917601595518738,1.00280804890518,0.930386969351399
1.2700866123765,0.944238113638062,0.933316190079324,1.30897668017367,1.30787178394992,0.97552136559104,1.21726405082702,1.09732792809028,1.01722857507996,1.08864705519911,1.16813298179251,1.27319543580142,1.13746697377649,1.02279963004176,1.03777273189564,1.09248567218815,0.964844835689872,1.29713629190392,0.989307283488513,0.871668700195571,0.938133765977948,1.02777113019505,1.02125691856396,1.05744153293667,0.895320070448843,0.907864072048204,0.820987821384577,0.883516199154109,0.890258355086776,0.904095398380785,1.03904804649971,0.946831378920226,0.95638077490777,0.908089228751769,0.898443693877422,0.898410575911105,0.908610583450803,0.910919122299255,1.02563842204058,0.93029135878201
1.27259339336714,0.938456290677733,0.95391752749234,1.33581655082879,1.29871243639805,0.976957022212517,1.21358270671221,1.1075428838204,1.04878427819887,1.07481832926934,1.16942669366434,1.26933084044951,1.15256010939787,1.00652431952545,1.05589702454077,1.06477511395854,0.973214425192461,1.28948999317138,0.987842059181037,0.888845140789408,0.949163307293651,0.992354010451834,0.999203295086316,1.04368887045409,0.885989610431737,0.914782076857629,0.830442648094681,0.89230225995792,0.894446323484236,0.904656055011754,1.02304723024135,0.929867521913572,0.946843380356632,0.904623459868065,0.89752308603763,0.883408693895882,0.900590180809365,0.907347435105872,1.05241585086006,0.937322454788292
1.27747773581267,0.9339177080709,0.978783957191008,1.35741408574103,1.28500672430554,0.977678982922516,1.21516027198961,1.11841058188551,1.08343782994337,1.06009947688371,1.16592371472078,1.26381812961655,1.16610706570065,0.988642836588118,1.07345189672765,1.0360970110397,0.983505902769911,1.27998613888253,0.986206164356033,0.902653664999332,0.958907303918691,0.962481052047548,0.97421190730878,1.02675840073768,0.876950363932145,0.921086765352963,0.839623332121346,0.907177396369894,0.894318747425649,0.909429532334129,1.00440384086305,0.915895108150448,0.934423432397693,0.9022546109079,0.898228563172196,0.868227396472581,0.892273353595423,0.908325411220151,1.0809319466103,0.949025611264895
1.2848496423927,0.933914182794056,1.00524410522481,1.37100331937152,1.26446473340941,0.977847913293703,1.2133664094683,1.13080235020093,1.11425594660109,1.04589451675019,1.15860715753933,1.25602900566027,1.17888970579212,0.970663263707489,1.09038882587799,1.008107079574,0.995151235166991,1.26862154255966,0.984321169030497,0.913709468533902,0.967774716239636,0.940894947597984,0.948764367695444,1.00722859808463,0.87008509318108,0.926328618122165,0.846728568919342,0.929735845084136,0.890957711024213,0.917814517055641,0.983859415066559,0.905929764319624,0.91905467490321,0.903253441101873,0.900650577367402,0.855334235488458,0.884551992228397,0.913711411949553,1.11043000774933,0.962465916123885
1.29218564339279,0.940254791079184,1.03050644908117,1.37344166404016,1.24169789805614,0.977008523419817,1.21089503259555,1.14326150980656,1.13719645253744,1.03451067774407,1.14891431229673,1.2473464968479,1.18836382363149,0.954782070163111,1.10385402440204,0.98023415253805,1.00985744319002,1.25347615188526,0.981564729857346,0.925051736038656,0.977637188342972,0.927532311075146,0.924605636004776,0.985689519729092,0.864048942085851,0.929096686945695,0.852391749444138,0.961120775238027,0.887416459723317,0.927507908225247,0.962360247301404,0.899886096323564,0.901244571978857,0.907083352288863,0.904129156007816,0.846561861848333,0.876899959509686,0.924055610668056,1.13942396714888,0.976131760782184
1.29560928722218,0.952245680107191,1.05311975408146,1.36628741349219,1.21677756726229,0.975287760066325,1.20448144575408,1.15157874653291,1.15198491926607,1.02441418129124,1.13724769642048,1.23441252630571,1.19546347377727,0.940844315539846,1.11155603589439,0.9558168357812,1.02568669679065,1.23536433216224,0.978120951609921,0.939439737702288,0.990052517325566,0.91895886135249,0.902953829058271,0.962116206139178,0.859355822666443,0.930815694108119,0.858462892657992,1.00015884961877,0.885230626965429,0.936578079875405,0.941314309230139,0.897312482862984,0.883933776214429,0.914238991020489,0.907426771794048,0.844372513530298,0.869803122040052,0.937172789793007,1.1645219692372,0.987825149358326
1.29224406349782,0.967354093763521,1.0712596550183,1.35389534928868,1.19186407688871,0.972788938690469,1.19433538506309,1.15817726214096,1.155178384233,1.01636722599057,1.12489165448712,1.21342034971647,1.19830681961767,0.931098032327711,1.11349574082809,0.940030402985779,1.03941829997163,1.21479306275227,0.974523188013821,0.954806656640235,1.00410160087871,0.913262248419066,0.884650050935657,0.941168429979435,0.857605996425913,0.931515335814438,0.864083944941085,1.04507320857807,0.885823632031257,0.942643313423581,0.922280690849491,0.898725701320256,0.87070375649917,0.925042860257513,0.910054925742612,0.849553154004237,0.863752048438996,0.951394720579877,1.18359227224011,0.996726055605739
1.28529697904006,0.982484861774923,1.08309220698442,1.34020317109147,1.16645039480747,0.969595964160361,1.17746290503778,1.1675793729945,1.14765953521388,1.01204762959617,1.11265336546803,1.1857514637195,1.19698281306057,0.927873767641358,1.10892888582597,0.936774461877166,1.05030007692338,1.19282381478428,0.971259588828316,0.969541418284155,1.01991601756203,0.911815523372842,0.872897274006569,0.924930762775832,0.858665939902317,0.93271903547393,0.8699859569779,1.09354903142297,0.890266919366172,0.946270692501675,0.90798864375639,0.902958096700778,0.864550083073093,0.937812920174172,0.912142798355817,0.861380960142385,0.859500022627766,0.966140633410516,1.19500818978077,1.00228989381121
1.27624821288516,0.995395575128838,1.08828963360483,1.32668623746936,1.14218551465493,0.966120037356171,1.15879918088514,1.17035214082008,1.13041248250074,1.011413655824,1.10078664599567,1.15380853509382,1.19127193095456,0.930579359269206,1.10077905543751,0.946604557776233,1.05718046725657,1.16898991575556,0.967907842674653,0.984875551065499,1.03861079464662,0.918238069397403,0.868265461059731,0.9134541214909,0.862727150938093,0.937009976598144,0.881478756987115,1.14071885529692,0.899408712652001,0.947331820537285,0.897876008916837,0.910834704451424,0.866453759819673,0.951551494865187,0.914153074377149,0.878529996480676,0.857713143190637,0.979923257620282,1.19774621642697,1.00530960076914
1.26699685279632,1.00614649808413,1.08774744782329,1.31301713079115,1.11749259590613,0.962350811065978,1.13834450532355,1.16878848187174,1.10888473916482,1.01352369132488,1.08973053425839,1.11701484916815,1.18329702718466,0.93876428342541,1.08983904007018,0.97297500229411,1.06143380015001,1.1432387757375,0.964433751604816,1.00332656606519,1.05831569467173,0.936387050501419,0.870312107348036,0.906618457616308,0.871116916276581,0.944417945494044,0.899246585405997,1.18124275152674,0.913284130938093,0.945256178725388,0.890348451740424,0.918917454977356,0.875816223041881,0.96522613010428,0.916387815492469,0.900742039702147,0.859126370295287,0.994053630397604,1.19218671626529,1.00638687150139
1.25539600135857,1.01430260496425,1.0815860275725,1.30115193418147,1.09260024376572,0.958270506248092,1.11807472117072,1.16275935572432,1.08909559733235,1.01665738768065,1.08014350048611,1.07965646718655,1.17370294217514,0.950564905372155,1.07817688787328,1.01892473982679,1.06466445422081,1.11947506676486,0.961878672625149,1.02768006532728,1.07525975381302,0.968615450060719,0.878564917441534,0.905085401848199,0.881209889792376,0.953997325580218,0.922818751386385,1.20644980103766,0.931914106854414,0.941321824185361,0.884771243853456,0.924420224126509,0.890382609020796,0.97760595535086,0.919193987521802,0.928342195364683,0.865255435270896,1.00977649564336,1.1774530874491,1.00698025823195
1.24138359108401,1.01922734051988,1.06955954122028,1.29059332459527,1.07416007740543,0.953789227771648,1.10196147912547,1.14941887615218,1.07574031416505,1.02071024610401,1.07137014106055,1.04460295250679,1.16286687461452,0.963487881353359,1.06791528582782,1.0791958942904,1.06785461494266,1.10177471738008,0.96021852071743,1.05820516960186,1.08893149732053,1.01378923497236,0.891035255832581,0.909090672813779,0.892439527117718,0.964913174626168,0.950866500387447,1.21664020722773,0.953362947447939,0.936717274773329,0.881289139947158,0.927343359664606,0.908076543133788,0.98685755175425,0.922227354192019,0.962371421857306,0.875975933647309,1.02914908023193,1.15549918829459,1.00837299161364
1.22571182837599,1.0221508266327,1.05338772894196,1.27969354766146,1.06587170130902,0.949159158394676,1.08295797283547,1.1329926137966,1.06815541157697,1.02690825913225,1.06345193276934,1.0147994617256,1.14890112877395,0.976339755532171,1.06007409733938,1.14386792509752,1.07137245650225,1.08931109164128,0.959286542278821,1.09183146463827,1.09922108962919,1.06794330940532,0.906456719714454,0.919414156510634,0.90266301963075,0.97775001354977,0.981440194353469,1.21046804079191,0.976122097776607,0.932766776465764,0.880989464940548,0.927313391913022,0.926835551155305,0.992431255790914,0.924887195988729,1.0031796131538,0.890399041656244,1.05341928063172,1.1282508343647,1.01292928737018
1.2083222698626,1.02286146301194,1.03421015069385,1.26666234243496,1.06205316790838,0.944646790935386,1.06270490977572,1.11586177393333,1.06621748904594,1.03399392263984,1.05544282613439,0.989784818630248,1.13217772168486,0.987533598643281,1.05367850193696,1.20175597892929,1.07558283990761,1.08005930600991,0.959575311890843,1.12346596610766,1.10459339061789,1.12512483760459,0.923950636062168,0.934791317137258,0.911208295324576,0.993034763334858,1.01236018259475,1.19085917266244,1.00044738552029,0.930399147327449,0.884127963224351,0.925763690329443,0.945273297418611,0.995098295354359,0.927014715909189,1.04913589258082,0.90863853788942,1.08254500742471,1.09868122578867,1.02287172744165
1.18711200281789,1.02160797860819,1.01667097321242,1.25298678901026,1.05590832044245,0.939817651810785,1.04685229352087,1.09909887411066,1.06467162218098,1.04028659815092,1.04622860797649,0.968763436803552,1.11527829585461,0.994943724909109,1.04666824216602,1.24443242669996,1.08214824564264,1.07667000497285,0.961050899106056,1.14694533757495,1.10494494660264,1.18079847606931,0.943210282190729,0.952722836137496,0.918729954986641,1.00851119622109,1.04205355299636,1.16317293453404,1.02522632336909,0.92886710685103,0.889946720961461,0.922604569203442,0.961880626401321,0.994595809965926,0.928769941505617,1.09696361497007,0.92917230975206,1.11633984784426,1.07074545324541,1.03756190408018
1.16350822376912,1.01705541473887,1.0026156112546,1.23444093014041,1.04957081746909,0.934458051923501,1.0354053755835,1.0791256241742,1.05906005647133,1.04797776880906,1.03647174202218,0.952306992114352,1.09737439953895,0.998178385943912,1.03773147895697,1.26657790193689,1.09122503357237,1.07943926663896,0.963847585421792,1.16042022818119,1.09860729932068,1.22897127127887,0.964378860886302,0.97426713591086,0.925007811315803,1.02322128711999,1.068557526799,1.12934224310004,1.04782389733527,0.927189088001719,0.899037160171107,0.919026727947128,0.975119733264662,0.991976584476909,0.93009910103475,1.14165606535541,0.950114209600167,1.15362516197382,1.04857436854412,1.05529858524626
1.14054988420758,1.00899376910705,0.99338190652103,1.21622818799286,1.04152218514858,0.929629318769085,1.02344726403795,1.06155188163159,1.05044459463468,1.05847791423104,1.02689408459289,0.938494468484738,1.07810650638002,0.999844663289888,1.02839656708313,1.2692485132658,1.10024663868068,1.08373153009365,0.967572608711208,1.16089873858949,1.08547641610909,1.258059633362,0.986270941257706,0.994159424754527,0.928455504770781,1.03898443761847,1.08855990728863,1.09472035630571,1.06710616569956,0.925929252680093,0.910121993244389,0.916733591115105,0.984249434784861,0.987883408324484,0.930126153201704,1.18030894139296,0.971655016872696,1.19008760943669,1.03579965159317,1.07502924067673
1.11956288509286,0.997259828386373,0.9855816862196,1.20101297445109,1.02773737377121,0.926040474932257,1.00905585235486,1.05116452634258,1.03970852315428,1.07166990312738,1.01703072226156,0.927408576987886,1.05765820530023,1.00083612074742,1.01784461572601,1.25394772712939,1.10903089911841,1.08249575820752,0.97220648800531,1.15114702354256,1.06591142772416,1.26395267651644,1.00714595347493,1.00931468681088,0.92936681416791,1.05459856357531,1.10361099258864,1.06592036273007,1.08030021546832,0.924513841538972,0.920706297894474,0.91949237416825,0.9882572388628,0.983508281385101,0.928765953501629,1.21158400114695,0.996147205399406,1.22139104726491,1.0345620036165,1.09397703124692
1.10352653463497,0.983331734063911,0.975846814870832,1.18513238707141,1.00906520817214,0.923789644005799,0.993965994117668,1.04984613359766,1.02519356179268,1.08586046192713,1.00860901352245,0.923517894455772,1.03678501193687,1.00247322490691,1.00925093168428,1.22860816790546,1.11707546338977,1.07216696243658,0.977779480967821,1.13672182964975,1.03875302447568,1.26591489259108,1.02277342191561,1.01780205867019,0.929819475068765,1.06885263398989,1.11680919750668,1.04632632587025,1.08682011134136,0.923363345768852,0.927965818754198,0.929459390639314,0.987916683854402,0.980703259873879,0.926025662445266,1.23438523199798,1.02287966506755,1.24325914688136,1.04537618303562,1.10909262375124
1.09215993326671,0.970565687908409,0.965881676281479,1.17005774218762,0.983747975636467,0.923122586978203,0.979302292081102,1.05271624449049,1.00693284412124,1.10121768716428,1.00046610582129,0.933724265500091,1.01482433392851,1.00566327566767,1.00337738845131,1.20234337972346,1.12683513815425,1.05667809488938,0.984028221956157,1.12202255386495,1.00934490324214,1.27577689189885,1.03196984522386,1.02102453303217,0.931706689235408,1.07906519616291,1.12879608329396,1.03648923081374,1.08625736938113,0.923550558989407,0.930458069873631,0.945012635045058,0.983694736160469,0.981523124803475,0.922491209920263,1.24782839035848,1.05015746989543,1.25259983247176,1.06795959766055,1.11819279400932
1.0841158298579,0.960549672835839,0.958905701650526,1.15088751526933,0.952571467272201,0.924530125767482,0.961907652953282,1.0568729276161,0.988179054687933,1.11677173062016,0.991597483560046,0.958589480279205,0.990022981461309,1.00756717814178,1.00081934385188,1.1805961627379,1.13521499407217,1.03789440288092,0.990980187108936,1.11008825292243,0.982452021213841,1.27491300122069,1.03851065125959,1.01763695020076,0.933781627241105,1.08256361842921,1.13783590203208,1.03802802655548,1.07973849426816,0.926043745506827,0.929174400304158,0.962218348829561,0.977012827525058,0.987171636942,0.919520546322307,1.2515977626007,1.07834211594378,1.24873541216436,1.09939056612387,1.12206879422219
1.07700994950167,0.955215762286721,0.953137703800894,1.12665660434384,0.924415773115304,0.927778669038016,0.953478242486682,1.05412606034655,0.969734487033351,1.13017308213558,0.98054688202844,0.994167895244086,0.964433977136749,1.0042044248381,1.0023532105549,1.16553920032276,1.1414008261483,1.01850046945498,0.997992930775077,1.10215009719658,0.959688361645438,1.25389479746959,1.04657315344288,1.0104899311402,0.937514971096774,1.08055406640683,1.14042476490831,1.04436174531053,1.0673088889858,0.930458647044247,0.927637667099429,0.977246393222527,0.970516483652904,0.996101217934591,0.917815567544541,1.24603801068109,1.10659352419116,1.23263794235389,1.13774604091018,1.1212697352256
1.07196321904939,0.956099489467322,0.950090282620679,1.10299322779402,0.910850295144153,0.9320475462635,0.955834807635287,1.04737207830203,0.95410095868916,1.14073243739257,0.965820867042913,1.03264146625913,0.939967422036585,0.994246334200824,1.00906475127675,1.15486568849035,1.14240217186306,0.999843749841872,1.00469355914074,1.09783487715946,0.943690217861408,1.23303556103596,1.05964200321663,1.00171740344019,0.946797294443643,1.07493057612571,1.1334046036555,1.0511016001026,1.04856361223168,0.936508399173921,0.928214605318264,0.989121702672966,0.964577681915195,1.00753876152175,0.918131741560183,1.23333344521861,1.13283626708205,1.20491887744516,1.17531121287705,1.11354021047745
1.07067166275349,0.962361437817621,0.951979386857177,1.08504406603065,0.916220020387544,0.936709729249969,0.961911256014351,1.03948232969498,0.938520378342091,1.15119027585943,0.94790687360744,1.06367623547285,0.917943519894943,0.983718165160603,1.02105655591043,1.1404894917859,1.13785699585644,0.984139734308545,1.01088899369224,1.09601127710598,0.935842814131426,1.22317621639935,1.07544498461332,0.99299253316986,0.961948981688043,1.06704101174532,1.11373448424184,1.05293292537776,1.02361017703648,0.944233808397692,0.933921910379259,0.999219841415254,0.958304528773068,1.02183627603256,0.921365011095152,1.21685537676065,1.15579371257793,1.16961893726141,1.20537211688109,1.09892615756517
1.07402839221359,0.972280660289689,0.962721503913732,1.0705194204268,0.929848448349273,0.940527940095652,0.971965334329843,1.03164037656842,0.921150426685589,1.16121850538533,0.926288078619583,1.07568897497289,0.90106576365659,0.980053735613315,1.03827460560183,1.11580940694323,1.13146103889417,0.977105352583234,1.0163707891487,1.09604903657142,0.936871722598856,1.20687585265931,1.08994455950366,0.985375310737027,0.982500390620464,1.06061918877221,1.08794537806699,1.04584610885398,0.995725229287797,0.953081226232441,0.946730519989888,1.00882921264355,0.952622322289298,1.04059758890214,0.929982267182977,1.20026694559373,1.17381205193536,1.13258504290405,1.22346064900442,1.07855713023467
1.08135396478067,0.982705558024119,0.980517636811882,1.05398241496681,0.950736254022794,0.943211148287726,0.986020488429548,1.02853975017446,0.903638098685458,1.16712861895402,0.900779548112844,1.0574227524941,0.891134061472525,0.982504832754774,1.05691954809909,1.08200349006943,1.12720910413657,0.984163581076078,1.02116742506266,1.09724414068427,0.944882632708486,1.179836002829,1.09888652816427,0.978150223664783,1.00440452691008,1.05951573841321,1.05869541035833,1.03211567986578,0.968426175569033,0.960002367176953,0.963291386496715,1.01948706844754,0.948937311547293,1.06181636877379,0.94351178141182,1.18369031143453,1.18197576307059,1.09932045948268,1.22742973887605,1.05656162041426
1.0899586475658,0.99347420721787,0.997703357328512,1.03147656881123,0.975757740405057,0.945022168320066,0.998378953420928,1.02928804282602,0.9022897437045,1.16457836119419,0.876825420997916,1.02459357072043,0.890932003792899,0.990680426251334,1.0674019303731,1.05101261951691,1.12376516475631,1.00026384115051,1.02550651166425,1.09649008938231,0.956838591060359,1.16178256644997,1.0995488900563,0.97380737167364,1.02143788445481,1.06389618524738,1.02406013623047,1.01496404193048,0.946964411331962,0.962654302346525,0.97924992992994,1.03047070239669,0.954464145632204,1.08153411941429,0.958451829885135,1.16827616877461,1.18026928113027,1.07511769633301,1.21716884067964,1.03960036127017
1.09816278204495,1.00735990447326,1.00553366701819,1.00297991558535,0.994561256662809,0.946644247419936,1.0078154800707,1.02949109184733,0.919698899947278,1.15260952585501,0.868273918183145,1.00052484541028,0.903477481873656,1.00130767566381,1.06589439203701,1.03196486831121,1.11605384791935,1.01839896512208,1.02980413660152,1.09263861109612,0.963747072623812,1.15231405787159,1.09144531436197,0.975514832642417,1.03314647555206,1.06886085904392,0.98400810278586,0.988253600304567,0.938167259200752,0.963458566229619,0.991479840080076,1.04042005775224,0.975033583756086,1.09901427241287,0.971825584192743,1.15354374430326,1.17353514200712,1.0603949639865,1.1957206905591,1.02845089633483
1.11312961842364,1.0253373739591,1.00628274197399,0.976625929856692,1.00125272877133,0.948941957398657,1.01676149107228,1.02762719607774,0.938903524874763,1.13385780220402,0.878506633475277,0.988194393807532,0.928771416553178,1.01221174421267,1.04972666200692,1.02345638738923,1.10651422300331,1.02036741826372,1.03542334678779,1.08612798256041,0.96211615934314,1.13185387703345,1.07255096203896,0.980690117613721,1.04570486115514,1.07391257786223,0.949454968711915,0.958705556324663,0.938530190913648,0.963295342252855,0.999656075815547,1.04943475511781,1.00853740801533,1.11373502108275,0.98624660704281,1.14613907292621,1.16281550702357,1.05763753241881,1.16676117410504,1.02581541107389
